0	淫羊藿	Epimrdii Herba	0,0,1,0,0,0,0,1,1,0,0,0,0,0,0,0,0,0,0,0,1,1,0
1	水飞蓟	Silybum Marianum	1,0,0,0,0,0,1,0,0,0,0,0,0,0,0,0,0,1,0,0,1,0,0
2	使君子	Quisqualis Indica	0,0,1,0,0,0,0,1,0,0,0,0,0,0,0,0,1,0,0,1,0,0,0
3	龙葵	Solanum Nigrum Linn.	1,0,0,0,0,0,1,0,0,0,0,0,0,0,0,0,0,0,1,0,0,0,1
4	华山参	Physochlainae Radix	0.0,1.0,0.0,0.0,0.0,0.0,0.5,1.0,0.0,0.0,1.0,0.0,1.0,0.0,0.0,0.0,0.0,0.0,0.0,0.0,0.0,0.0,0.0
5	石上柏	Selaginella Doederleinii Hieron	0.0,0.0,0.0,1.0,0.0,0.0,0.5,1.0,0.0,0.0,1.0,0.0,0.0,0.0,0.0,0.0,1.0,0.0,0.0,0.0,1.0,0.0,0.0
6	三分三	Anisodus Acutangulus C. Y. Wu Et C .Chen Ex C. Che	0,0,1,0,0,0,1,0,1,0,0,0,0,0,0,0,0,0,0,0,0,0,2
7	甘松	Nardostachyos Radix Et Rhizoma	0,0,1,0,0,0,0,1,1,0,0,0,0,0,0,0,1,0,0,1,0,0,0
8	竹节参	Panacis Japonici Rhizoma	0.0,0.0,1.0,0.0,0.0,0.0,0.5,1.0,0.0,0.0,1.0,0.0,0.0,0.0,0.0,0.0,0.0,0.0,0.0,1.0,1.0,0.0,0.0
9	辣椒	Capsici Fructus	0,1,0,0,0,0,0,0,1,0,0,0,1,0,0,0,0,0,0,1,0,0,0
10	土贝母	Bolbostemae Paniculati Bulbus	0.5,0.0,0.0,0.0,0.0,0.0,1.0,0.0,0.0,0.0,1.0,0.0,0.0,0.0,0.0,0.0,0.0,0.0,0.0,1.0,0.0,0.0,0.0
11	沙苑子	Astragali Cpmplanatisemen	0,0,1,0,0,0,0,1,0,0,0,0,0,0,0,0,0,0,0,0,1,1,0
12	贯叶金丝桃	Herbahypericiperforati	1,0,0,0,0,0,0,0,1,0,0,0,0,0,0,0,0,0,0,0,1,0,0
13	天山雪莲	Saussureae Involucratae Herba	0.0,0.0,1.0,0.0,0.0,0.0,0.5,0.0,0.0,0.0,0.0,0.0,0.0,0.0,0.0,0.0,0.0,0.0,0.0,0.0,0.0,0.0,0.0
14	青叶胆	Swertiae Mileensis Herba	1,0,0,0,0,0,1,1,0,0,0,0,0,0,0,0,0,1,1,0,1,0,0
15	相思子	Abrus Precatorius L.	0,0,0,0,1,0,1,0,0,0,0,0,1,1,0,0,1,0,0,0,0,0,0
16	白药子	Radix Stephaniae Cepharanthae.	0,0,0,1,0,0,1,0,1,0,1,0,0,0,0,0,1,0,0,0,0,0,1
17	柴胡	Radix Bupleuri	0.5,0.0,0.0,0.0,0.0,0.0,1.0,0.0,0.0,0.0,1.0,0.0,0.0,0.0,0.0,0.0,0.0,1.0,0.0,0.0,1.0,0.0,0.0
18	猫爪草	Ranunculi Ternati Radix	0,0,1,0,0,0,0,1,1,0,1,0,0,0,0,0,0,0,0,0,1,0,0
19	莲房	Receptaculum Nelumbinis	0,0,1,0,0,0,1,0,0,0,0,0,0,0,0,0,0,0,0,0,1,0,0
20	三棱	Sparganii Rhizoma	0,0,0,0,1,0,1,0,1,0,0,0,0,0,0,0,0,0,0,1,1,0,0
21	北豆根	Menispermi Rhizoma	1,0,0,0,0,0,1,0,0,0,1,0,0,1,0,0,1,0,0,0,0,0,1
22	西洋参	Panacis Quinquefolii Radix	0.0,0.0,0.0,1.0,0.0,0.0,0.5,1.0,0.0,0.0,1.0,0.0,1.0,0.0,0.0,0.0,0.0,0.0,0.0,0.0,0.0,1.0,0.0
23	三七	Panax Notoginseng (Burk.) F. H. Chen Ex C. Chow	0.0,0.0,1.0,0.0,0.0,0.0,0.5,1.0,0.0,0.0,0.0,0.0,0.0,0.0,0.0,0.0,1.0,0.0,0.0,0.0,1.0,0.0,0.0
24	干姜	Zingiberis Rhizoma	0,1,0,0,0,0,0,0,1,0,1,0,1,0,0,0,1,0,0,1,0,1,0
25	白头翁	Pulsatilliae Radix	1,0,0,0,0,0,1,0,0,0,0,0,0,1,0,0,1,0,0,0,0,0,0
26	大黄	Radix Rhei Et Rhizome	1,0,0,0,0,0,1,0,0,0,0,1,1,1,0,0,1,0,0,1,1,0,0
27	千日红	Gomphrenae Globosae Flos Seu Herba	0,0,0,0,1,0,0,1,0,0,1,0,0,0,0,0,0,0,0,0,1,0,0
28	夏天无	Corydalis Decumbens(Thunb.)Pers.	0.0,0.0,1.0,0.0,0.0,0.0,1.0,0.0,0.5,0.0,0.0,0.0,0.0,0.0,0.0,0.0,0.0,0.0,0.0,0.0,1.0,0.0,0.0
29	两头尖	Rhizoma Anemones Raddeanae	0,1,0,0,0,0,0,0,1,0,0,0,0,0,0,0,0,0,0,1,0,0,0
30	海参	Sea Cucumber	0,0,0,0,1,0,0,1,0,1,1,0,0,0,0,0,0,0,0,0,0,1,0
31	臭梧桐	Clerodendrum Trichotomum Thunb	0,0,0,0,1,0,1,1,0,0,0,0,0,1,0,0,1,0,0,0,0,0,0
32	黑豆	Sojae Semen Nigrum	0,0,0,0,1,0,0,1,0,0,0,0,0,0,0,0,0,0,0,1,0,1,0
33	桑枝	Ramulus Mori	0,0,0,0,1,0,1,0,0,0,0,0,0,0,0,0,0,0,0,0,1,0,0
34	八角莲	Dysosmae Verspiellis Rhixoma Et Radix	0,0,0,1,0,0,1,0,1,0,1,0,0,0,0,0,0,0,0,0,1,0,1
35	杜仲	Eucommiae Cortex	0,0,1,0,0,0,0,1,0,0,0,0,0,0,0,0,0,0,0,0,1,1,0
36	杜仲叶	Eucommiae Folium	0.0,0.0,1.0,0.0,0.0,0.0,0.0,0.0,0.5,0.0,0.0,0.0,0.0,0.0,0.0,0.0,0.0,0.0,0.0,0.0,1.0,1.0,0.0
37	红参	Ginsen Radix Et Rhizoma Rubra	0.0,0.0,1.0,0.0,0.0,0.0,0.5,1.0,0.0,0.0,1.0,0.0,1.0,0.0,0.0,0.0,0.0,0.0,0.0,1.0,0.0,1.0,0.0
38	熟地黄	Rehmanniae Radix Praeparata	0.0,0.0,0.5,0.0,0.0,0.0,0.0,1.0,0.0,0.0,0.0,0.0,0.0,0.0,0.0,0.0,0.0,0.0,0.0,0.0,1.0,1.0,0.0
39	槟榔	Arecae Semen	0,0,1,0,0,0,1,0,1,0,0,0,0,1,0,0,1,0,0,0,0,0,0
40	牛黄	Bovis Calculus	0,0,0,1,0,0,0,1,0,0,0,0,1,0,0,0,0,0,0,0,1,0,0
41	斑蝥	Mylabris	0,1,0,0,0,0,0,0,1,0,0,0,0,0,0,0,1,0,0,0,1,1,2
42	蚕沙	Bombyx Mori L.	0,0,1,0,0,0,0,1,1,0,0,0,0,0,0,0,1,0,0,1,1,0,0
43	五倍子	Galla Chinensis	1,0,0,0,0,1,0,0,0,0,1,0,0,1,0,0,0,0,0,0,0,1,0
44	淡豆豉	Sojae Semen Praeparatum	0,0,0,1,0,0,1,0,1,0,1,0,0,0,0,0,1,0,0,0,0,0,0
45	青黛	Indigo Naturalis	1,0,0,0,0,0,0,0,0,1,0,0,0,0,0,0,0,0,0,0,1,0,0
46	海金沙	Lygodii Spora	1,0,0,0,0,0,0,1,0,0,0,0,0,0,0,1,0,0,1,0,0,0,0
47	芦荟	Aloe	1,0,0,0,0,0,1,0,0,0,0,0,0,1,0,0,1,0,0,0,1,0,0
48	儿茶	Catechu	0.5,0.0,0.0,0.0,0.0,0.0,1.0,0.0,0.0,0.0,1.0,0.0,1.0,0.0,0.0,0.0,0.0,0.0,0.0,0.0,0.0,0.0,0.0
49	雷丸	Omphalia	1.0,0.0,0.0,0.0,0.0,0.0,0.5,0.0,0.0,0.0,0.0,0.0,0.0,1.0,0.0,0.0,1.0,0.0,0.0,0.0,0.0,0.0,0.0
50	猪苓	Polyporus Umbellatus(Pers)Fr.	0,0,0,0,1,0,0,1,0,0,0,0,0,0,0,0,0,0,1,0,0,1,0
51	茯苓	Poria Cocos(Schw.) Wolf.	0,0,0,0,1,0,0,1,0,0,1,0,1,0,0,0,0,0,0,1,0,1,0
52	海藻	Sargassum	1,0,0,0,0,0,1,0,0,1,0,0,0,0,0,0,1,0,0,0,1,1,0
53	昆布	Thalluslaminariae	1,0,0,0,0,0,0,0,0,1,0,0,0,0,0,0,1,0,0,0,1,1,0
54	灵芝	Ganoderma	0,0,0,0,1,0,0,1,0,0,1,0,1,0,0,0,0,0,0,0,1,1,0
55	冬虫夏草	Corayceps	0,0,0,0,1,0,0,1,0,0,1,0,0,0,0,0,0,0,0,0,0,1,0
56	马勃	Lasiosphaera Seu Calvatia	0,0,0,0,1,0,0,0,1,0,1,0,0,0,0,0,0,0,0,0,0,0,0
57	乳香	Olibanun	0,0,1,0,0,0,1,0,1,0,0,0,1,0,0,0,0,0,0,1,1,0,0
58	没药	Myrrha	0,0,0,0,1,0,1,0,1,0,0,0,1,0,0,0,0,0,0,1,1,0,0
59	沉香	Linderae Radix	0.0,0.0,0.5,0.0,0.0,0.0,1.0,0.0,1.0,0.0,0.0,0.0,0.0,0.0,0.0,0.0,1.0,0.0,0.0,1.0,0.0,1.0,0.0
60	冰片	Borneolum Syntheticum	1,0,0,0,0,0,1,0,1,0,1,0,1,0,0,0,0,0,0,1,0,0,0
61	安息香	Benzoinum	0,0,0,0,1,0,1,0,1,0,0,0,1,0,0,0,0,0,0,1,0,0,0
62	檀香	Santalum Album L．	0,0,1,0,0,0,0,0,1,0,1,0,1,0,0,0,1,0,0,1,0,0,0
63	槲寄生	Viscum Angulatum Heyne	0,0,0,0,1,0,1,0,0,0,0,0,0,0,0,0,0,0,0,0,1,1,0
64	桑寄生	Herba Taxilli	0,0,0,0,1,0,1,1,0,0,0,0,0,0,0,0,0,0,0,0,1,1,0
65	桂枝	Cinnamomi Ramulus	0,0,1,0,0,0,0,1,1,0,1,0,1,0,0,0,0,0,1,0,0,0,0
66	络石藤	Trachelospermumjasminoides	0.5,0.0,0.0,0.0,0.0,0.0,1.0,0.0,0.0,0.0,0.0,0.0,1.0,0.0,0.0,0.0,0.0,0.0,0.0,0.0,1.0,1.0,0.0
67	鬼箭羽	Euonymi Alati Ramulus	1,0,0,0,0,0,1,0,0,0,0,0,0,0,0,0,0,0,0,1,1,0,0
68	钩藤	Uncariae Ramulus Cumuncis	0,0,0,1,0,0,0,1,0,0,0,1,1,0,0,0,0,0,0,0,1,0,0
69	青风藤	Caulis Sinomenii	0,0,0,0,1,0,1,0,1,0,0,0,0,0,0,0,0,0,0,1,1,0,0
70	鸡血藤	Spatholobus Suberectus Dunn	0,0,1,0,0,0,1,1,0,0,0,0,0,0,0,0,0,0,0,0,1,1,0
71	灯心草	Junci Medulla	0.5,0.0,0.0,0.0,0.0,0.0,0.0,1.0,0.0,0.0,1.0,0.0,1.0,0.0,0.0,1.0,0.0,0.0,0.0,0.0,0.0,0.0,0.0
72	肉苁蓉	Cistanches Herba	0,0,1,0,0,0,0,1,0,1,0,0,0,1,0,0,0,0,0,0,0,1,0
73	西河柳	Tamaricis Cacumen	0,0,0,0,1,0,0,1,1,0,1,0,1,0,0,0,1,0,0,0,0,0,0
74	天仙藤	Caulis Aristolochiae	0,0,1,0,0,0,1,0,0,0,0,0,0,0,0,0,0,0,0,1,1,1,0
75	大血藤	Sargentodoxae Caulis	0,0,0,0,1,0,1,0,0,0,0,0,0,1,0,0,0,0,0,0,1,0,0
76	丁公藤	Erycibe Obtusifolia Benth	0,0,1,0,0,0,0,0,1,0,0,0,0,0,0,0,1,0,0,1,1,0,0
77	椿皮	Ailanthi Cortex	1,0,0,0,0,0,1,0,0,0,0,0,0,1,0,0,1,0,0,0,1,0,0
78	关黄柏	Phellodendri Amurensis Cortex	1,0,0,0,0,0,1,0,0,0,0,0,0,0,0,0,0,0,1,0,0,1,0
79	黄柏	Phellodendri Chinrnsis Cortex	1,0,0,0,0,0,1,0,0,0,0,0,0,0,0,0,0,0,1,0,0,1,0
80	桑白皮	Mori Cortex	1,0,0,0,0,0,0,1,0,0,1,0,0,0,0,0,0,0,0,0,0,0,0
81	海桐皮	Cortex Erythrinae	0,0,0,0,1,0,1,0,1,0,0,0,0,0,0,0,0,0,0,1,1,0,0
82	满山红	Rhododendri Daurici Folium	0,0,1,0,0,0,1,0,1,0,1,0,0,0,0,0,0,0,0,0,0,0,0
83	银杏叶	Ginkgo Folium	0,0,0,0,1,0,1,1,0,0,1,0,1,0,0,0,0,0,0,0,0,0,0
84	番泻叶	Sennae Folium	1,0,0,0,0,0,1,1,0,0,0,0,0,1,0,0,0,0,0,0,0,0,0
85	桑叶	Mori Follum	1,0,0,0,0,0,1,1,0,0,1,0,0,0,0,0,0,0,0,0,1,0,0
86	荷叶	Folium Nelumbinis	0,0,0,0,1,0,1,0,0,0,0,0,0,0,0,0,1,0,0,1,1,0,0
87	侧柏叶	Platycladi Cacumen	1,0,0,0,0,0,1,0,0,0,1,0,0,0,0,0,0,0,0,1,1,0,0
88	枸骨叶	Folium Ilicis Cornutae	0,0,0,1,0,0,1,0,0,0,0,0,0,0,0,0,0,0,0,0,1,1,0
89	罗布麻叶	Apocyniveneti Folium	0,0,0,1,0,0,1,1,0,0,0,0,0,0,0,0,0,0,0,0,1,0,0
90	枇杷叶	Eriobotryae Folium	0.5,0.0,0.0,0.0,0.0,0.0,1.0,0.0,0.0,0.0,1.0,0.0,0.0,0.0,0.0,0.0,1.0,0.0,0.0,0.0,0.0,0.0,0.0
91	苦丁茶	Ilicis Cornutae Folium Immayuri	1,0,0,0,0,0,1,1,0,0,1,0,0,0,0,0,1,0,0,0,1,0,0
92	牡荆叶	Viticis Negundo Folium	0.0,0.0,0.0,0.0,1.0,0.0,0.5,0.0,1.0,0.0,1.0,0.0,0.0,0.0,0.0,0.0,0.0,0.0,0.0,0.0,0.0,0.0,0.0
93	龙脷叶	Aauropi Folium	0,0,0,0,1,0,0,1,0,0,1,0,0,0,0,0,1,0,0,0,0,0,0
94	功劳木	Mahoniae Caulis	1,0,0,0,0,0,1,0,0,0,0,0,0,1,0,0,1,0,0,0,1,0,0
95	四季青	Ilicis Purpureae Folium	0,0,0,1,0,0,1,0,0,0,1,0,0,1,0,0,0,0,1,0,0,0,0
96	艾叶	Folium Artemisiae Argyi	0,0,1,0,0,0,1,0,1,0,0,0,0,0,0,0,0,0,0,1,1,1,0
97	人参叶	Ginseng Folium	1,0,0,0,0,0,1,1,0,0,1,0,0,0,0,0,1,0,0,0,0,0,0
98	大青叶	Isatidis Folium	1,0,0,0,0,0,1,0,0,0,0,0,1,0,0,0,1,0,0,0,0,0,0
99	槐花	Sophora Japonica L.	0.5,0.0,0.0,0.0,0.0,0.0,1.0,0.0,0.0,0.0,0.0,0.0,0.0,1.0,0.0,0.0,0.0,0.0,0.0,0.0,1.0,0.0,0.0
100	蒲黄	Pollen Typhae	0,0,0,0,1,0,0,1,0,0,0,0,1,0,0,0,0,0,0,0,1,0,0
101	款冬花	Farfarae Flos	0.0,0.0,1.0,0.0,0.0,0.0,0.5,0.0,1.0,0.0,1.0,0.0,0.0,0.0,0.0,0.0,0.0,0.0,0.0,0.0,0.0,0.0,0.0
102	密蒙花	Buddlejae Flos	0.5,0.0,0.0,0.0,0.0,0.0,0.0,1.0,0.0,0.0,0.0,0.0,0.0,0.0,0.0,0.0,0.0,0.0,0.0,0.0,1.0,0.0,0.0
103	旋覆花	Inulae Flos	0.0,0.0,0.5,0.0,0.0,0.0,1.0,0.0,1.0,1.0,1.0,0.0,0.0,0.0,0.0,0.0,1.0,0.0,0.0,0.0,0.0,0.0,0.0
104	菊花	Chrysanthemi Flos	0.5,0.0,0.0,0.0,0.0,0.0,1.0,1.0,0.0,0.0,1.0,0.0,0.0,0.0,0.0,0.0,0.0,0.0,0.0,0.0,1.0,0.0,0.0
105	野菊花	Chrysanthemi Indici Flos	0.5,0.0,0.0,0.0,0.0,0.0,1.0,0.0,1.0,0.0,0.0,0.0,1.0,0.0,0.0,0.0,0.0,0.0,0.0,0.0,1.0,0.0,0.0
106	凌霄花	Campsis Flos	1,0,0,0,0,1,0,1,0,0,0,1,1,0,0,0,0,0,0,0,1,0,0
107	白毛夏枯草	Ajugae Decumbentis Herba	1,0,0,0,0,0,1,0,1,0,0,0,0,0,0,0,0,1,0,0,1,0,0
108	洋金花	Daturae Flos	0,0,1,0,0,0,0,0,1,0,1,0,0,0,0,0,0,0,0,0,1,0,1
109	闹羊花	Rhododendronmolle	0,0,1,0,0,0,0,0,1,0,0,0,0,0,0,0,0,0,0,0,1,0,0
110	玫瑰花	Rose Rugosae Flos	0.0,0.0,1.0,0.0,0.0,0.0,0.5,1.0,0.0,0.0,0.0,0.0,0.0,0.0,0.0,0.0,0.0,0.0,0.0,1.0,1.0,0.0,0.0
111	鸡冠花	Celosia Cristata L.	0,0,0,1,0,0,0,1,0,0,0,0,0,1,0,0,0,0,0,0,1,0,0
112	当归	Angelicae Sinensis Radix	0,0,1,0,0,0,0,1,1,0,0,0,1,0,0,0,0,0,0,1,1,0,0
113	谷精草	Eriocauli Flos	0,0,0,0,1,0,0,1,1,0,1,0,0,0,0,0,0,0,0,0,1,0,0
114	辛夷	Magnoliae Flos	0,0,1,0,0,0,0,0,1,0,1,0,0,0,0,0,1,0,0,0,0,0,0
115	芫花	Flos Genkwa	0,0,1,0,0,0,1,0,1,0,1,0,0,0,0,0,0,0,0,1,0,1,0
116	红花	Carthami Flos	0,0,1,0,0,0,0,0,1,0,0,0,1,0,0,0,0,0,0,0,1,0,0
117	丹参	Radix Salviae	0.5,0.0,0.0,0.0,0.0,0.0,1.0,0.0,0.0,0.0,0.0,0.0,1.0,0.0,0.0,0.0,0.0,0.0,0.0,0.0,1.0,0.0,0.0
118	西红花	Croci Stigma	0,0,0,0,1,0,0,1,0,0,0,0,1,0,0,0,0,0,0,0,1,0,0
119	玉米须	Maydis Seigma	0,0,0,0,1,0,0,1,0,0,0,0,0,0,0,0,1,1,0,0,1,1,0
120	月季花	Mori Cortex	0,0,1,0,0,0,0,1,0,0,0,0,0,0,0,0,0,0,0,0,1,0,0
121	木棉花	Gossampiniflos	0,0,0,1,0,0,0,1,0,0,0,0,0,1,0,0,0,0,0,0,0,0,0
122	丁香	Caryophylliflos	0,0,1,0,0,0,0,0,1,0,0,0,0,0,0,0,1,0,0,1,0,1,0
123	翻白草	Potentillae Discoloris Herba	0.0,0.0,0.0,0.0,1.0,0.0,0.5,1.0,0.0,0.0,0.0,0.0,0.0,1.0,0.0,0.0,1.0,0.0,0.0,0.0,1.0,0.0,0.0
124	瞿麦	Dianthi Herba	1,0,0,0,0,0,1,0,0,0,0,0,1,0,0,1,0,0,0,0,0,0,0
125	薄荷	Menthae Herba	0,0,0,1,0,0,0,0,1,0,1,0,0,0,0,0,0,0,0,0,1,0,0
126	墨旱莲	Ecliptae Herba	1,0,0,0,0,1,0,1,0,0,0,0,0,0,0,0,0,0,0,0,1,1,0
127	豨莶草	Siegesbeckiae Herba	1,0,0,0,0,0,1,0,1,0,0,0,0,0,0,0,0,0,0,0,1,1,0
128	鹅不食草	Centipedae Herba	0,0,1,0,0,0,0,0,1,0,1,0,0,0,0,0,0,0,0,0,1,0,0
129	断血流	Herba Clinopodii Polycephali.	0,0,0,1,0,0,1,0,0,0,0,0,0,0,0,0,0,0,0,0,1,0,0
130	鹿衔草	Herba Pyrolae	0,0,1,0,0,0,1,1,0,0,0,0,0,0,0,0,0,0,0,0,1,1,0
131	益母草	Leonuri Herba	0.5,0.0,0.0,0.0,0.0,0.0,1.0,0.0,1.0,0.0,0.0,0.0,1.0,0.0,0.0,0.0,0.0,0.0,1.0,0.0,1.0,0.0,0.0
132	浮萍	Spirodelae Herba	1,0,0,0,0,0,0,0,1,0,1,0,0,0,0,0,0,0,0,0,0,0,0
133	积雪草	Centella Asiatica (L.) Urban[Hydro-Cotyle Asiatica L.]	1,0,0,0,0,0,1,0,1,0,0,0,0,0,0,0,0,0,0,1,1,1,0
134	鸭跖草	Commelinae Herba	1,0,0,0,0,0,0,1,0,0,1,0,0,0,0,0,1,0,1,0,0,0,0
135	葎草	Humulus Scandens (Lour.) Merr.	1,0,0,0,0,0,1,1,0,0,1,0,0,0,0,0,0,0,0,0,0,1,0
136	绞股蓝	Gynostemmae Pentaphylli Herba	1,0,0,0,0,0,1,0,0,0,1,0,0,0,0,0,0,0,0,1,0,1,0
137	景天三七	Sedum Aizoon L.	0.0,0.0,0.0,0.0,1.0,0.5,0.0,1.0,0.0,0.0,0.0,0.0,1.0,0.0,0.0,0.0,0.0,0.0,0.0,0.0,1.0,0.0,0.0
138	穿心莲	Andrographis Herba	1,0,0,0,0,0,1,0,0,0,1,0,0,0,0,0,1,0,0,0,1,0,0
139	香薷	Moslae Herba	0.0,0.0,0.5,0.0,0.0,0.0,0.0,0.0,1.0,0.0,1.0,0.0,0.0,0.0,0.0,0.0,1.0,0.0,0.0,0.0,0.0,0.0,0.0
140	荠菜	Capsellae Herba	0,0,0,1,0,0,0,1,0,0,0,0,0,0,0,0,0,0,1,1,1,0,0
141	茵陈	Artemisiae Scopariae Herba	0.5,0.0,0.0,0.0,0.0,0.0,1.0,0.0,1.0,0.0,0.0,0.0,0.0,0.0,0.0,0.0,1.0,0.0,1.0,1.0,0.0,0.0,0.0
142	荆芥	Schizonepetae Herba	0.0,0.0,0.5,0.0,0.0,0.0,0.0,0.0,1.0,0.0,1.0,0.0,0.0,0.0,0.0,0.0,0.0,0.0,0.0,0.0,1.0,0.0,0.0
143	垂盆草	Sedi Herba	0,0,0,1,0,0,0,1,0,0,0,0,0,0,0,1,0,1,0,0,1,0,0
144	泽漆	Euphorbiae Helioscopiae Herba	0.5,0.0,0.0,0.0,0.0,0.0,1.0,0.0,1.0,0.0,0.0,0.0,0.0,1.0,0.0,1.0,0.0,0.0,0.0,1.0,0.0,0.0,1.0
145	泽兰	Lycopi Herba	0.0,0.0,0.5,0.0,0.0,0.0,1.0,0.0,0.0,0.0,0.0,0.0,0.0,0.0,0.0,0.0,0.0,0.0,0.0,1.0,1.0,0.0,0.0
146	肿节风	Herba Sarcandrae	0,0,0,0,1,0,1,0,1,0,0,0,1,0,0,0,0,0,0,0,1,0,0
147	金钱草	Lysimachiae Herba	0.5,0.0,0.0,0.0,0.0,0.0,0.0,1.0,0.0,1.0,0.0,0.0,0.0,0.0,0.0,0.0,0.0,1.0,1.0,0.0,1.0,1.0,0.0
148	佩兰	Eupatorium Fortunei Turcz	0,0,0,0,1,0,0,0,1,0,1,0,0,0,0,0,1,0,0,1,0,0,0
149	委陵菜	Potentillae Chinensis Herba	1,0,0,0,0,0,1,0,0,0,1,0,0,1,0,0,0,0,0,0,1,0,0
150	苦地丁	Corydalis Bungeanae Herba	1,0,0,0,0,0,1,0,0,0,0,0,1,1,0,0,0,0,0,0,1,0,0
151	虎耳草	Saxifraga Stolonifera	1.0,0.0,0.0,0.0,0.0,0.0,0.5,0.0,0.0,0.0,1.0,0.0,0.0,0.0,0.0,0.0,1.0,0.0,0.0,0.0,0.0,0.0,0.0
152	青蒿	Artemisia Annua L.	1,0,0,0,0,0,1,0,1,0,0,0,0,0,0,0,0,1,0,0,1,0,0
153	鸡骨草	Abri Herba	0.0,0.0,0.0,1.0,0.0,0.0,0.5,1.0,0.0,0.0,0.0,0.0,0.0,0.0,0.0,0.0,1.0,0.0,0.0,0.0,1.0,0.0,0.0
154	连钱草	Glechomae Herba	0.5,0.0,0.0,0.0,0.0,0.0,0.5,0.0,1.0,0.0,0.0,0.0,0.0,0.0,0.0,0.0,0.0,0.0,1.0,0.0,1.0,1.0,0.0
155	金莲花	Trollius Chinensis	0.5,0.0,0.0,0.0,0.0,0.0,1.0,0.0,0.0,0.0,1.0,0.0,0.0,0.0,0.0,0.0,1.0,0.0,0.0,0.0,0.0,0.0,0.0
156	伸筋草	Rhizome Of Whiteback Greenbrier	0.0,0.0,1.0,0.0,0.0,0.0,1.0,0.0,0.5,0.0,0.0,0.0,0.0,0.0,0.0,0.0,0.0,0.0,0.0,0.0,0.0,0.0,0.0
157	老鹳草	Geranium Wilfordii Maxim.	0,0,0,0,1,0,1,0,1,0,0,0,0,0,0,0,0,0,0,1,1,1,0
158	地耳草	Hyperici Japonici Herber	0.0,0.0,0.0,1.0,0.0,0.0,0.5,1.0,0.0,0.0,0.0,0.0,0.0,1.0,0.0,0.0,0.0,1.0,0.0,0.0,1.0,0.0,0.0
159	半枝莲	Scutellariae Barbatae Herba	1,0,0,0,0,0,1,0,1,0,1,0,0,0,0,0,0,0,0,0,1,1,0
160	半边莲	Lobeliae Chinensis Herba	0,0,0,0,1,0,0,0,1,0,1,0,1,0,0,1,0,0,0,0,0,0,0
161	白花蛇舌草	Hedyotis Diffusae Herba	0.0,0.0,0.0,1.0,0.0,0.0,0.5,0.5,0.0,0.0,0.0,0.0,0.0,1.0,0.0,1.0,1.0,0.0,0.0,0.0,0.0,0.0,0.0
162	仙鹤草	Agrimonia Eupatoria	0,0,0,0,1,0,1,0,0,0,0,0,1,0,0,0,0,0,0,0,1,0,0
163	北刘寄奴	Siphonostegiae Herba	1,0,0,0,0,0,1,0,0,0,0,0,0,0,0,0,1,1,0,1,1,0,0
164	石韦	Pyrrosiae Folium	0.5,0.0,0.0,0.0,0.0,0.0,1.0,1.0,0.0,0.0,1.0,0.0,0.0,0.0,0.0,0.0,0.0,0.0,1.0,0.0,0.0,0.0,0.0
165	车前草	Plantaginis Herba	1,0,0,0,0,0,0,1,0,0,1,0,0,0,0,1,0,0,0,0,1,1,0
166	木贼	Equiseti Hiemalis Herba	0,0,0,0,1,0,1,1,0,0,1,0,0,0,0,0,0,0,0,0,1,0,0
167	瓦松	Cotyledon Fimbriata Turcz.	0,0,0,1,0,1,1,0,0,0,1,0,0,0,0,0,0,0,0,1,1,0,0
168	马鞭草	Verbenae Herb	0,0,0,1,0,0,1,0,0,0,0,0,0,0,0,0,0,0,0,1,1,0,0
169	马齿苋	Portulacae Herba	1,0,0,0,0,1,0,0,0,0,0,0,0,1,0,0,0,0,0,0,1,0,0
170	广藿香	Pogostemon Cablin (Blanco) Benth.	0.0,0.0,0.5,0.0,0.0,0.0,0.0,0.0,1.0,0.0,1.0,0.0,0.0,0.0,0.0,0.0,1.0,0.0,0.0,1.0,0.0,0.0,0.0
171	小蓟	Herba Cirsii	0,0,0,1,0,0,1,1,0,0,0,0,1,0,0,0,0,0,0,0,1,0,0
172	大蓟	Radix Cirsii Japonici	0,0,0,1,0,0,1,1,0,0,0,0,1,0,0,0,0,0,0,0,1,0,0
173	三白草	Saururi Herba	1,0,0,0,0,0,0,1,1,0,1,0,0,0,0,0,0,0,1,0,0,0,0
174	一枝黄花	Solidaginis Herba	0,0,0,1,0,0,1,0,1,0,1,0,0,0,0,0,0,0,0,0,1,0,0
175	覆盆子	Rubi Fructus	0,0,1,0,0,1,0,1,0,0,0,0,0,0,0,0,0,0,1,0,0,1,0
176	鹤虱	Carpesiumabrotanoidesl.	0,0,0,0,1,0,1,0,1,0,0,0,0,0,0,0,1,0,0,1,0,0,0
177	蕤仁	Prinsepiae Nux	0.5,0.0,0.0,0.0,0.0,0.0,0.0,1.0,0.0,0.0,0.0,0.0,0.0,0.0,0.0,0.0,0.0,0.0,0.0,0.0,1.0,0.0,0.0
178	罂粟壳	Papaveris Pericarpium	0,0,0,0,1,1,0,0,0,0,1,0,0,1,0,0,0,0,0,0,0,1,0
179	蔓荆子	Viticis Fructus	0.5,0.0,0.0,0.0,0.0,0.0,1.0,0.0,1.0,0.0,0.0,0.0,0.0,0.0,0.0,0.0,1.0,0.0,1.0,0.0,1.0,0.0,0.0
180	葶苈子	Lepidii Semen Descurainiae Semen	2,0,0,0,0,0,1,0,1,0,1,0,0,0,0,0,0,0,1,0,0,0,0
181	锦灯笼	Calyx Seu Fructus Physalis	1,0,0,0,0,0,1,0,0,0,1,0,0,0,0,0,0,0,0,0,0,0,0
182	路路通	Fructuslipuidambaris	0,0,0,0,1,0,1,0,0,0,0,0,0,0,0,0,0,0,0,0,1,1,0
183	蓖麻子	Ricini Semen	0,0,0,0,1,0,0,1,1,0,1,0,0,1,0,0,0,0,0,0,0,0,0
184	槐角	Fructussophorae	1,0,0,0,0,0,1,0,0,0,0,0,0,1,0,0,0,0,0,0,1,0,0
185	黑芝麻	Sesami Nigrum Semen	0,0,0,0,1,0,0,1,0,0,0,0,0,1,0,0,0,0,0,0,1,1,0
186	绿豆	Vigna Radiata	1,0,0,0,0,0,0,1,0,0,0,0,1,0,0,0,1,0,0,0,1,0,0
187	猕猴桃根	Actinidia Chinensis Planch	1,0,0,0,0,1,0,1,0,0,0,0,0,0,0,0,1,0,0,0,1,1,0
188	甜瓜子	Melo Semen	1,0,0,0,0,0,0,1,0,0,1,0,0,1,0,0,1,0,0,0,0,0,0
189	蛇床子	Cnidii Fructus	0,0,1,0,0,0,1,0,1,0,0,0,0,0,0,0,0,0,0,0,0,1,0
190	梧桐子	Semen Firmianae	0,0,0,0,1,0,0,1,0,0,1,0,1,0,0,0,0,0,0,0,0,1,0
191	桑椹	Mori Fructus	1,0,0,0,0,1,0,1,0,0,0,0,1,0,0,0,0,0,0,0,1,1,0
192	预知子	Akebiae Frucyus	1,0,0,0,0,0,1,0,0,0,0,0,0,0,0,0,1,1,1,0,1,0,0
193	娑罗子	Semen Aesculi	0,0,1,0,0,0,0,1,0,0,0,0,0,0,0,0,1,0,0,0,1,0,0
194	益智	Alpiniae Oxyphyliae Fructus	0,0,1,0,0,0,0,0,1,0,0,0,0,0,0,0,0,0,0,1,0,1,0
195	莱菔子	Raphani Semen	0,0,0,0,1,0,0,1,1,0,1,0,0,0,0,0,1,0,0,1,0,0,0
196	急性子	Impatientis Semen	0.0,0.0,1.0,0.0,0.0,0.0,0.5,0.0,1.0,0.0,1.0,0.0,0.0,0.0,0.0,0.0,0.0,0.0,0.0,0.0,1.0,0.0,0.0
197	胖大海	Sterculiae Lychnophorae Semen	1,0,0,0,0,0,0,1,0,0,1,0,0,1,0,0,0,0,0,0,0,0,0
198	香橼	Citri Fructus	0,0,1,0,0,1,1,0,1,0,1,0,0,0,0,0,0,0,0,1,1,0,0
199	韭菜子	Allii Tuberosi Semen	0,0,1,0,0,0,0,1,1,0,0,0,0,0,0,0,0,0,0,0,1,1,0
200	鸦胆子	Bruceae Fructus	1,0,0,0,0,0,1,0,0,0,0,0,0,1,0,0,0,0,0,0,1,0,1
201	牵牛子	Semen Pharbitidis	1,0,0,0,0,0,1,0,0,0,1,0,0,1,0,0,0,0,0,0,0,1,0
202	砂仁	Amomum Aurantiacum H. T. Tsai Et S. W. Zhao	0,0,1,0,0,0,0,0,1,0,0,0,0,0,0,0,1,0,0,1,0,1,0
203	南鹤虱	Fructus Carotae	0.0,0.0,0.0,0.0,1.0,0.0,0.5,0.0,1.0,0.0,0.0,0.0,0.0,0.0,0.0,0.0,1.0,0.0,0.0,1.0,0.0,0.0,0.0
204	南瓜子	Cucurbitae Moschatae Semen	0,0,0,0,1,0,0,1,0,0,0,0,0,1,0,0,0,0,0,0,0,0,0
205	荔枝核	Litchi Semen	0.0,0.0,1.0,0.0,0.0,0.0,0.5,1.0,0.0,0.0,0.0,0.0,0.0,0.0,0.0,0.0,0.0,0.0,0.0,0.0,1.0,1.0,0.0
206	荜澄茄	Litseae Fructus	0,0,1,0,0,0,0,0,1,0,0,0,0,0,0,0,1,0,1,1,0,1,0
207	荜茇	Piperis Longi Fructus	0,1,0,0,0,0,0,0,1,0,0,0,0,1,0,0,1,0,0,0,0,0,0
208	胡芦巴	Trigonellae Semen	0,0,1,0,0,0,1,0,0,0,0,0,0,0,0,0,0,0,0,0,0,1,0
209	胡椒	Piperis Fructus	0,1,0,0,0,0,0,0,1,0,0,0,0,1,0,0,1,0,0,0,0,0,1
210	柿蒂	Kaki Calyx	0,0,0,0,1,0,1,0,0,0,0,0,0,0,0,0,1,0,0,0,0,0,0
211	枳椇子	Hoveniae Dulcis Semen	0,0,0,0,1,0,0,1,0,0,0,0,0,0,0,0,1,0,0,0,0,0,0
212	枳实	Aurantii Fructus Immaturus	0.5,0.0,0.0,0.0,0.0,1.0,1.0,0.0,1.0,0.0,0.0,0.0,0.0,0.0,0.0,0.0,1.0,0.0,0.0,1.0,0.0,0.0,0.0
213	枳壳	Aurantii Fructus	0,0,1,0,0,1,1,0,1,0,0,0,0,0,0,0,1,0,0,1,0,0,0
214	柏子仁	Platycladi Semen	0,0,0,0,1,0,0,1,0,0,0,0,1,1,0,0,0,0,0,0,0,1,0
215	金樱子	Rosae Laevigatae Fructus	0,0,0,0,1,1,0,1,0,0,0,0,0,1,0,0,0,0,1,0,0,1,0
216	罗汉果	Momordicae Fructus	0,0,0,1,0,0,0,1,0,0,1,0,0,1,0,0,0,0,0,0,0,0,0
217	郁李仁	Semen Pruni	0,0,0,0,1,0,1,1,1,0,0,0,0,1,0,1,0,0,0,1,0,0,0
218	青葙子	Celosiae Semen	0.5,0.0,0.0,0.0,0.0,0.0,1.0,0.0,0.0,0.0,0.0,0.0,0.0,0.0,0.0,0.0,0.0,0.0,0.0,0.0,1.0,0.0,0.0
219	青果	Canarii Fructus	0,0,0,0,1,1,0,1,0,0,1,0,0,0,0,0,1,0,0,0,0,0,0
220	陈皮	Citrus Reticulata	0,0,1,0,0,0,1,0,1,0,1,0,0,0,0,0,0,0,0,1,0,0,0
221	诃子	Chebulae Fructus	0,0,0,0,1,1,1,0,0,0,1,0,0,1,0,0,0,0,0,0,0,0,0
222	沙棘	Hippophae Fructus	0,0,1,0,0,1,0,0,0,0,1,0,1,0,0,0,1,0,0,1,0,0,0
223	余甘子	Phyllanthi Fructus	0,0,0,1,0,1,0,1,0,0,1,0,0,0,0,0,1,0,0,0,0,0,0
224	猪牙皂	Gleditsiae Fructus Abnormalis	0,0,1,0,0,0,0,0,1,1,1,0,0,1,0,0,0,0,0,0,0,0,1
225	佛手	Citri Sarcodactylis Fructus	0,0,1,0,0,1,1,0,1,0,1,0,0,0,0,0,0,0,0,1,1,0,0
226	连翘	Forsythiae Fructus	0.5,0.0,0.0,0.0,0.0,0.0,1.0,0.0,0.0,0.0,1.0,0.0,1.0,0.0,0.0,1.0,0.0,0.0,0.0,0.0,0.0,0.0,0.0
227	芡实	Euryales Semen	0,0,0,0,1,0,0,1,0,0,0,0,0,0,0,0,0,0,0,1,0,1,0
228	芥子	Sinapis Semen	0,0,1,0,0,0,0,0,1,0,1,0,0,0,0,0,0,0,0,0,0,0,0
229	苍耳子	Xanthii Fructus	0,0,1,0,0,0,1,0,1,0,1,0,0,0,0,0,0,0,0,0,0,0,1
230	花椒	Zanthoxyli Pericarpium	0,0,1,0,0,0,0,0,1,0,0,0,0,0,0,0,1,0,0,1,0,1,0
231	赤小豆	Phaseoli Semen	0,0,0,0,1,1,0,1,0,0,0,0,1,0,0,1,0,0,0,0,0,0,0
232	决明子	Cassiae Semen	0.5,0.0,0.0,0.0,0.0,0.0,1.0,1.0,0.0,0.0,0.0,0.0,0.0,1.0,0.0,0.0,0.0,0.0,0.0,0.0,1.0,1.0,0.0
233	亚麻子	Semen Lini	0,0,0,0,1,0,0,1,0,0,1,0,0,1,0,0,0,0,0,0,1,0,0
234	地肤子	Kochiae Fructus	1,0,0,0,0,0,1,1,0,0,0,0,0,0,0,0,0,0,1,0,0,1,0
235	冬葵果	Malvae Fructus	0,0,0,1,0,0,0,1,0,0,0,0,0,1,0,1,0,0,1,0,0,0,0
236	冬瓜皮	Benincasae Exocarpium	0,0,0,1,0,0,0,1,0,0,0,0,0,0,0,1,1,0,0,0,0,0,0
237	豆蔻	Alpinia Katsumadai Hayat	0,0,1,0,0,0,0,0,1,0,0,0,0,0,0,0,1,0,0,1,0,0,0
238	白果	Ginkgo Semen	0,0,0,0,1,0,1,1,0,0,1,0,0,0,0,0,0,0,0,0,0,1,1
239	石榴皮	Granati Pericarpium	0,0,1,0,0,1,0,0,0,0,0,0,0,1,0,0,0,0,0,0,0,0,0
240	水红花子	Polygoni Orientalis Fructus	0.5,0.0,0.0,0.0,0.0,0.0,0.0,0.0,0.0,1.0,0.0,0.0,0.0,0.0,0.0,0.0,1.0,0.0,0.0,0.0,1.0,0.0,0.0
241	巴豆	Crotonis Fructus	0,1,0,0,0,0,0,0,1,0,0,0,0,1,0,0,1,0,0,0,0,0,2
242	乌梅	Mume Fructus	0,0,0,0,1,1,0,0,0,0,1,0,0,1,0,0,0,0,0,1,1,0,0
243	化橘红	Citri Grandis Exocarpium	0,0,1,0,0,0,1,0,1,0,1,0,0,0,0,0,0,0,0,1,0,0,0
244	牛蒡子	Fructus Arctii	1,0,0,0,0,0,1,0,1,0,1,0,0,0,0,0,1,0,0,0,0,0,0
245	车前子	Plantaginis Semen	0.5,0.0,0.0,0.0,0.0,0.0,0.0,1.0,0.0,0.0,1.0,0.0,0.0,0.0,0.0,1.0,0.0,0.0,0.0,0.0,1.0,1.0,0.0
246	南五味子	Schisandrae Sphenantherae Fructus	0,0,1,0,0,1,0,1,0,0,1,0,1,0,0,0,0,0,0,0,0,1,0
247	木鳖子	Momordicae Semen	0.0,0.0,0.0,1.0,0.0,0.0,1.0,0.5,0.0,0.0,0.0,0.0,0.0,0.0,0.0,0.0,1.0,0.0,0.0,1.0,1.0,0.0,0.0
248	木蝴蝶	Oroxyli Semen	0,0,0,1,0,0,1,1,0,0,1,0,0,0,0,0,1,0,0,0,1,0,0
249	木瓜	Chaenomeles Sinensis (Thouin) Koehne	0,0,1,0,0,1,0,0,0,0,0,0,0,0,0,0,0,0,0,1,1,0,0
250	无患子	Sapindi Mukorossi Semen	0.0,0.0,0.0,1.0,0.0,0.0,1.0,0.0,0.5,0.0,1.0,0.0,1.0,0.0,0.0,0.0,0.0,0.0,0.0,0.0,0.0,0.0,1.0
251	天仙子	Hyoscyami Semen	0,0,1,0,0,0,1,0,1,0,0,0,1,0,0,0,1,0,0,0,1,0,0
252	马兜铃	Aristolochiae Fructus	0.5,0.0,0.0,0.0,0.0,0.0,1.0,0.0,0.0,0.0,1.0,0.0,0.0,1.0,0.0,0.0,0.0,0.0,0.0,0.0,0.0,0.0,0.0
253	马钱子	Strychni Semen	0,0,1,0,0,0,1,0,0,0,0,0,0,0,0,0,0,0,0,1,1,0,1
254	小茴香	Foeniculi Fructus	0,0,1,0,0,0,0,0,1,0,0,0,0,0,0,0,1,0,0,1,1,1,0
255	女贞子	Fructus Ligustri Lucidi	0,0,0,1,0,0,1,1,0,0,0,0,0,0,0,0,0,0,0,0,1,1,0
256	千金子	Semen Euphorbiae	0,0,1,0,0,0,0,0,1,0,0,0,0,1,0,0,0,0,0,0,1,1,0
257	川楝子	Toosendan Fructus	1,0,0,0,0,0,1,0,0,0,0,0,0,0,0,1,0,0,1,0,1,0,1
258	山茱萸	Cornus Officinalis Sieb. Et Zucc.	0.0,0.0,0.5,0.0,0.0,1.0,0.0,0.0,0.0,0.0,0.0,0.0,0.0,0.0,0.0,0.0,0.0,0.0,0.0,0.0,1.0,1.0,0.0
259	山楂叶	Crataegi Folium	0,0,0,0,1,1,0,0,0,0,0,0,0,0,0,0,0,0,0,0,1,0,0
260	大腹皮	Areca Catechu L.	0.0,0.0,0.5,0.0,0.0,0.0,0.0,0.0,1.0,0.0,0.0,0.0,0.0,1.0,0.0,1.0,1.0,0.0,0.0,1.0,0.0,0.0,0.0
261	大风子	Hydnocarpi Anthelminticae Semen	0,1,0,0,0,0,0,0,1,0,0,0,0,0,0,0,0,0,0,1,1,1,2
262	大枣	Jujubae Fructus	0,0,1,0,0,0,0,1,0,0,0,0,1,0,0,0,1,0,0,1,0,0,0
263	糯稻根	Oryzae Glutinosae Radix	0,0,0,0,1,0,0,1,0,0,1,0,0,0,0,0,0,0,0,0,0,1,0
264	八角茴香	Anisi Stellati Fructus	0,0,1,0,0,0,0,0,1,0,0,0,0,0,0,0,1,0,0,1,1,1,0
265	刀豆	Canavaliae Semen	0,0,1,0,0,0,0,1,0,0,0,0,0,0,0,0,1,0,0,0,0,1,0
266	菝葜	Smilax China	0,0,0,0,1,1,0,1,0,0,0,0,0,0,0,0,0,0,0,0,1,1,0
267	薤白	Allium Azureum Ledeb.	0,0,1,0,0,0,1,0,1,0,1,0,1,1,0,0,1,0,0,0,0,0,0
268	藁本	Ligustici Rhizoma Et Radix	0,0,1,0,0,0,0,0,1,0,0,0,0,0,0,0,0,0,1,0,0,0,0
269	漏芦	Rhapontici Radix	1,0,0,0,0,0,1,0,0,0,0,0,0,0,0,0,1,0,0,0,0,0,0
270	萱草根	Hemerocallis Radix	0,0,0,1,0,0,0,1,0,0,0,0,0,0,0,0,0,0,1,1,1,0,1
271	紫草	Lithospermum Erythrorhizon	1,0,0,0,0,0,0,1,0,1,0,0,1,0,0,0,0,0,0,0,1,0,0
272	雷公藤	Tripterygii Radix	0,0,0,1,0,0,1,0,1,0,0,0,1,0,0,0,0,0,0,0,1,0,2
273	葱白	Allii Fistulost Bulbus	0,0,1,0,0,0,0,0,1,0,1,0,0,0,0,0,1,0,0,0,0,0,0
274	葛根	Radix Puerariae	0,0,0,1,0,0,0,1,1,0,0,0,0,0,0,0,1,0,0,1,0,0,0
275	商陆	Phytolaccae Radix	1,0,0,0,0,0,1,0,0,0,1,0,0,1,0,0,0,0,0,1,0,1,1
276	常山	Dichroae Radix	1,0,0,0,0,0,1,0,1,0,1,0,1,0,0,0,0,0,0,0,1,0,1
277	黄药子	Dioscoreaebulbiferae	0,0,0,0,1,0,1,0,0,0,0,0,1,0,0,0,0,0,0,0,1,0,0
278	黄精	Polygonati Rhizoma	0,0,0,0,1,0,0,1,0,0,1,0,0,0,0,0,0,0,0,1,0,1,0
279	黄芩	Scutellariae Radix	1,0,0,0,0,0,1,0,0,0,1,0,0,1,0,1,0,1,0,1,0,0,0
280	浙贝母	Fritillariae Thunbrgii Bulbus	1,0,0,0,0,0,1,0,0,0,1,0,1,0,0,0,0,0,0,0,0,0,0
281	拳参	Bistortae Rhizoma	0.5,0.0,0.0,0.0,0.0,0.0,1.0,0.0,0.0,0.0,1.0,0.0,0.0,1.0,0.0,0.0,0.0,0.0,0.0,0.0,1.0,0.0,0.0
282	高良姜	Alpiniae Officinarum Rhizome	0,1,0,0,0,0,0,0,1,0,0,0,0,0,0,0,1,0,0,1,0,0,0
283	徐长卿	Radix Cynanchi Paniculati	0,0,1,0,0,0,0,0,1,0,0,0,0,0,0,0,1,0,0,0,1,0,0
284	射干	Belamcandae Rhizome	1,0,0,0,0,0,1,0,0,0,1,0,0,0,0,0,0,0,0,0,0,0,0
285	银柴胡	Gypsophila Licentiana Hand.-Mazz.	0.5,0.0,0.0,0.0,0.0,0.0,0.0,1.0,0.0,0.0,0.0,0.0,0.0,0.0,0.0,0.0,1.0,0.0,0.0,0.0,1.0,0.0,0.0
286	党参	Codonopsis Radix	0,0,0,0,1,0,0,1,0,0,1,0,0,0,0,0,0,0,0,1,0,0,0
287	莪术	Curcumae Rhizoma	0,0,1,0,0,0,1,0,1,0,0,0,0,0,0,0,0,0,0,1,1,0,0
288	桔梗	Platycodon Grandiforus	0,0,0,0,1,0,1,0,1,0,1,0,0,0,0,0,0,0,0,0,0,0,0
289	泽泻	Alisma Orientale (Sam.) Juz.	1,0,0,0,0,0,0,1,0,0,0,0,0,0,0,0,0,0,1,0,0,1,0
290	秦艽	Gentiana Macrophylla Pall	0,0,0,0,1,0,1,0,1,0,0,0,0,0,0,0,1,1,0,0,1,0,0
291	穿山龙	Rhizoma Dioscoreae Nipponicae	0,0,1,0,0,0,1,1,0,0,1,0,0,0,0,0,0,0,0,0,1,1,0
292	姜黄	Curcumaelongae Rhizoma	0,0,1,0,0,0,1,0,1,0,0,0,0,0,0,0,0,0,0,1,1,0,0
293	前胡	Peucedani Radix	0.5,0.0,0.0,0.0,0.0,0.0,1.0,0.0,1.0,0.0,1.0,0.0,0.0,0.0,0.0,0.0,0.0,0.0,0.0,0.0,0.0,0.0,0.0
294	独活	Radix Angelicae Biseratae	0.0,0.0,0.5,0.0,0.0,0.0,1.0,0.0,1.0,0.0,0.0,0.0,0.0,0.0,0.0,0.0,0.0,0.0,1.0,0.0,0.0,1.0,0.0
295	香附	Cyperi Rhizoma	0.0,0.0,0.0,0.0,1.0,0.0,0.5,0.5,1.0,0.0,0.0,0.0,0.0,0.0,1.0,0.0,0.0,0.0,0.0,0.0,1.0,0.0,0.0
296	骨碎补	Drynariae Rhizoma	0,0,1,0,0,0,1,0,0,0,0,0,0,0,0,0,0,0,0,0,1,1,0
297	威灵仙	Radix Clematidis	0,0,1,0,0,0,0,0,1,1,0,0,0,0,0,0,0,0,1,0,0,0,0
298	草乌	Aconitum Kusnezoffii Reichb	0,1,0,0,0,0,1,0,1,0,0,0,1,0,0,0,0,0,0,1,1,1,2
299	草乌叶	Radix Aconiti Kusnezoffii	0,0,0,0,1,0,0,0,1,0,0,0,0,0,0,0,0,0,0,0,0,0,1
300	茜草	Rubia Cordifolia	1,0,0,0,0,0,1,0,0,0,0,0,0,0,0,0,0,0,0,0,1,0,0
301	南沙参	Adenophprae Ae Radix	0.5,0.0,0.0,0.0,0.0,0.0,0.0,1.0,0.0,0.0,1.0,0.0,0.0,0.0,0.0,0.0,1.0,0.0,0.0,0.0,0.0,0.0,0.0
302	贯众	Fortunes Bossfern Rhizome	0.5,0.0,0.0,0.0,0.0,0.0,1.0,0.0,0.0,0.0,0.0,0.0,0.0,0.0,0.0,0.0,1.0,0.0,0.0,0.0,1.0,0.0,0.0
303	细辛	Asari Radix Et Rhizoma	0,0,1,0,0,0,0,0,1,0,1,0,1,0,0,0,0,0,0,0,0,1,0
304	灯盏细辛	Erigeron Breviscapus	0.0,0.0,1.0,0.0,0.0,0.0,0.5,0.0,1.0,0.0,0.0,0.0,1.0,0.0,0.0,0.0,0.0,0.0,0.0,0.0,1.0,0.0,0.0
305	金荞麦	Rhizoma Fagopyri Cymosi	0.0,0.0,0.0,1.0,0.0,0.0,0.0,0.0,0.5,0.0,1.0,0.0,0.0,0.0,0.0,0.0,0.0,0.0,0.0,0.0,0.0,0.0,0.0
306	知母	Anemarrhenae Rhizoma	1,0,0,0,0,0,1,1,0,0,1,0,0,0,0,0,1,0,0,0,0,1,0
307	虎杖	Polygoni Cuspidati Rhizoma Et Radix	0.5,0.0,0.0,0.0,0.0,0.0,0.5,0.0,0.0,0.0,1.0,0.0,0.0,0.0,0.0,0.0,0.0,1.0,0.0,0.0,1.0,0.0,0.0
308	郁金	Curcumae Radix	1,0,0,0,0,0,1,0,1,0,1,0,1,0,0,0,0,0,0,0,1,0,0
309	苦参	Sophorae Flavescentis Radix	1,0,0,0,0,0,1,0,0,0,0,0,1,1,0,0,1,0,1,0,1,0,0
310	板蓝根	Isatidis Radix	1,0,0,0,0,0,1,0,0,0,0,0,1,0,0,0,1,0,0,0,0,0,0
311	附子	Aconiti Lateralis Radix Praeparata	0,1,0,0,0,0,0,1,1,0,0,0,1,0,0,0,0,0,0,1,0,1,2
312	羌活	Notopterygii Rhizoma Et Radix	0,0,1,0,0,0,1,0,1,0,0,0,0,0,0,0,0,0,1,0,0,1,0
313	苎麻根	Boehmeriae Rhizoma Et Radix	1,0,0,0,0,0,0,1,0,0,0,0,1,0,0,0,0,0,1,0,1,0,0
314	芦根	Phragmitis Rhizoma	1,0,0,0,0,0,0,1,0,0,1,0,0,0,0,0,1,0,0,0,0,0,0
315	苍术	Atractylodes Lancea (Thunb.)Dc.	0,0,1,0,0,0,1,0,1,0,0,0,0,0,0,0,1,0,0,1,1,0,0
316	两面针	Zanthoxylum Nitidum	0,0,0,0,1,0,1,0,1,0,0,0,0,0,0,0,1,0,0,0,1,0,1
317	红芪	Hedysari Radix	0,0,1,0,0,0,0,1,0,0,1,0,0,0,0,0,0,0,0,1,0,0,0
318	防己	Stephaniae Tetrandrae Radix	1,0,0,0,0,0,1,0,0,0,1,0,0,0,0,0,0,0,1,0,0,0,0
319	防风	Saposhnikoviae Radix	0,0,1,0,0,0,0,1,1,0,0,0,0,0,0,0,0,0,1,1,1,0,0
320	百部	Stemonae Radix	0.0,0.0,0.5,0.0,0.0,0.0,1.0,1.0,0.0,0.0,1.0,0.0,0.0,0.0,0.0,0.0,0.0,0.0,0.0,0.0,0.0,0.0,0.0
321	百合	Lilii Bulbus	1,0,0,0,0,0,0,1,0,0,1,0,1,0,0,0,0,0,0,0,0,0,0
322	地榆	Radix Sanguisorbae	0.5,0.0,0.0,0.0,0.0,1.0,1.0,0.0,0.0,0.0,0.0,0.0,0.0,1.0,0.0,0.0,0.0,0.0,0.0,0.0,1.0,0.0,0.0
323	白茅根	Imperatae Rhizoma	1,0,0,0,0,0,0,1,0,0,1,0,0,0,0,0,1,0,1,0,0,0,0
324	白附子	Typhonii Rhizoma	0,0,1,0,0,0,0,0,1,0,0,0,0,0,0,0,1,0,0,0,1,0,1
325	白薇	Radix Cynanchi	1,0,0,0,0,0,1,0,0,1,0,0,0,0,0,0,1,0,0,0,1,1,0
326	白蔹	Ampelopsis Japonica	0.5,0.0,0.0,0.0,0.0,0.0,1.0,0.0,0.0,0.0,0.0,0.0,1.0,0.0,0.0,0.0,1.0,0.0,0.0,0.0,0.0,0.0,0.0
327	白芍	Paeoniae Radix Alba	0.5,0.0,0.0,0.0,0.0,1.0,1.0,0.0,0.0,0.0,0.0,0.0,0.0,0.0,0.0,0.0,0.0,0.0,0.0,1.0,1.0,0.0,0.0
328	白芷	A. Dahurica (Fisch.) Benth. Et Hook	0,0,1,0,0,0,0,0,1,0,1,0,0,1,0,0,1,0,0,0,0,0,0
329	白前	Cynanchistauntonii Rhizoma Et Radix	0.0,0.0,0.5,0.0,0.0,0.0,1.0,0.0,1.0,0.0,1.0,0.0,0.0,0.0,0.0,0.0,0.0,0.0,0.0,0.0,0.0,0.0,0.0
330	白术	Atractylodes Macrocephala Koidz.	0,0,1,0,0,0,1,1,0,0,0,0,0,0,0,0,1,0,0,1,0,0,0
331	白及	Bletilla Striata (Thunb.Ex A.Murray)Rchb.F.	0.5,0.0,0.0,0.0,0.0,0.0,1.0,1.0,0.0,0.0,1.0,0.0,0.0,0.0,0.0,0.0,1.0,0.0,0.0,0.0,1.0,0.0,0.0
332	仙茅	Curculiginis Rhizome	0,1,0,0,0,0,0,0,1,0,0,0,0,0,0,0,0,0,0,1,1,1,0
333	山豆根	Sophorae Tonkinensis Radix Et Rhizome	1,0,0,0,0,0,1,0,0,0,1,0,0,0,0,0,1,0,0,0,0,0,1
334	北沙参	Glehniae Radix	0.5,0.0,0.0,0.0,0.0,0.0,0.5,1.0,0.0,0.0,1.0,0.0,0.0,0.0,0.0,0.0,1.0,0.0,0.0,0.0,0.0,0.0,0.0
335	平贝母	Fritillariaeussuriensis Bulbus	0.5,0.0,0.0,0.0,0.0,0.0,1.0,1.0,0.0,0.0,1.0,0.0,1.0,0.0,0.0,0.0,0.0,0.0,0.0,0.0,0.0,0.0,0.0
336	龙胆	Gentianae Radix Et Rhozima	1,0,0,0,0,0,1,0,0,0,0,0,0,0,0,0,0,1,0,0,1,0,0
337	甘遂	Kansui Radix	1,0,0,0,0,0,1,0,0,0,1,0,0,1,0,0,0,0,0,0,0,1,0
338	甘草	licorice	0,0,0,0,1,0,0,1,0,0,1,0,1,0,0,0,1,0,0,1,0,0,0
339	玉竹	Polygonati Odorati Rhizoma	0.5,0.0,0.0,0.0,0.0,0.0,0.0,1.0,0.0,0.0,1.0,0.0,0.0,0.0,0.0,0.0,1.0,0.0,0.0,0.0,0.0,0.0,0.0
340	巴戟天	Morindae Officinalis Radix	0.0,0.0,0.5,0.0,0.0,0.0,0.0,1.0,1.0,0.0,0.0,0.0,0.0,0.0,0.0,0.0,0.0,0.0,0.0,0.0,1.0,1.0,0.0
341	乌药	Linderae Radix	0,0,1,0,0,0,0,0,1,0,1,0,0,0,0,0,0,0,1,1,0,1,0
342	升麻	Cimicifugae Rhizoma	0.5,0.0,0.0,0.0,0.0,0.0,0.0,0.5,1.0,0.0,1.0,0.0,0.0,1.0,0.0,0.0,1.0,0.0,0.0,1.0,0.0,0.0,0.0
343	牛膝	Achyranthis Bidentatae Radix	0,0,0,0,1,1,1,0,0,0,0,0,0,0,0,0,0,0,0,0,1,1,0
344	太子参	Pseudostellariae Radix	0.0,0.0,0.0,0.0,1.0,0.0,0.5,1.0,0.0,0.0,1.0,0.0,0.0,0.0,0.0,0.0,0.0,0.0,0.0,1.0,0.0,0.0,0.0
345	木香	Aucklandiae Radix	0,0,1,0,0,0,1,0,1,0,0,0,0,1,1,0,1,1,0,1,0,0,0
346	天葵子	Semiaquilegiae Radix	1,0,0,0,0,0,1,1,0,0,0,0,0,0,0,0,1,0,0,0,1,0,0
347	川射干	Iridis Tectori Rhizoma	1,0,0,0,0,0,1,0,0,0,1,0,0,0,0,0,0,0,0,0,0,0,0
348	川牛膝	Cyathulae Radix	0.0,0.0,0.0,0.0,1.0,0.0,0.5,1.0,0.0,0.0,0.0,0.0,0.0,0.0,0.0,0.0,0.0,0.0,0.0,0.0,1.0,1.0,0.0
349	川乌	Aconiti Radix	0,1,0,0,0,0,1,0,1,0,0,0,1,0,0,0,0,0,0,1,1,1,2
350	川芎	Chuanxiong Rhizoma	0,0,1,0,0,0,0,0,1,0,0,1,1,0,0,0,0,1,0,0,1,0,0
351	千年健	Homalomena Occulta (Lour.) Schott	0,0,1,0,0,0,1,0,1,0,0,0,0,0,0,0,0,0,0,0,1,1,0
352	千斤拔	Flemingia Prostrata Roxb	0,0,0,0,1,0,0,1,0,0,0,0,0,0,0,0,0,0,0,0,1,1,0
353	山慈菇	Pseudobulbus Cremastrae Seu Pleiones	0.0,0.0,0.0,1.0,0.0,0.0,0.0,1.0,0.5,0.0,0.0,0.0,0.0,0.0,0.0,0.0,0.0,0.0,0.0,1.0,1.0,0.0,0.0
354	山柰	Kaempferiae Rhizoma	0,0,1,0,0,0,0,0,1,0,0,0,1,0,0,0,1,0,0,0,0,0,0
355	山药	Rhizoma Dioscoreae	0,0,0,0,1,0,0,1,0,0,1,0,0,0,0,0,0,0,0,1,0,1,0
356	蓼大青叶	Polygoni Tinctorii Foliu	1,0,0,0,0,0,1,0,0,0,0,0,1,0,0,0,1,0,0,0,0,0,0
357	紫花前胡	Peucedanidecursivi Radix	1,0,0,0,0,0,1,0,1,0,1,0,0,0,0,0,0,0,0,0,0,0,0
358	禹州漏芦	Echinopsis Radix	1,0,0,0,0,0,1,0,0,0,0,0,0,0,0,0,1,0,0,0,0,0,0
359	伊贝母	Fritillariae Pallidiflorae Bulbus	0.5,0.0,0.0,0.0,0.0,0.0,1.0,1.0,0.0,0.0,1.0,0.0,1.0,0.0,0.0,0.0,0.0,0.0,0.0,0.0,0.0,0.0,0.0
360	鼠曲草	Gnaphalii Affinis Herba	0,0,0,0,1,0,0,1,0,0,1,0,0,0,0,0,0,0,0,0,0,0,0
361	鬼针草	Bidentis Bipinnatae Herba	1,0,0,0,0,0,1,0,0,0,1,0,0,1,0,0,0,0,0,0,1,0,0
362	金沸草	Inulae Herba	0,0,1,0,0,0,1,0,1,1,1,0,0,1,0,0,0,0,0,0,0,0,0
363	凤尾草	Pteridis Multifidae Herba	1.0,0.0,0.0,0.0,0.0,0.0,0.5,0.0,0.0,0.0,0.0,0.0,1.0,1.0,0.0,0.0,0.0,0.0,0.0,0.0,1.0,0.0,0.0
364	白屈菜	Chelidonii Herba	0,0,1,0,0,0,1,0,1,0,1,0,0,0,0,0,1,0,0,0,0,0,0
365	苏合香	Styrax	0,0,1,0,0,0,0,0,1,0,0,0,1,0,0,0,0,0,0,1,0,0,0
366	肉豆蔻	Myristicae Semen	0,0,1,0,0,0,0,0,1,0,0,0,0,1,0,0,1,0,0,1,0,0,1
367	牛大力	Millettiae Speciosae Radix	0,0,0,0,1,0,0,1,0,0,1,0,0,0,0,0,0,0,0,1,0,1,0
368	土茯苓	Smilacis Glabrae Rhixoma	0,0,0,0,1,0,0,1,0,0,0,0,0,0,0,0,1,0,0,0,1,0,0
369	海风藤	Caulis Piperis Kadsurae	0.0,0.0,0.5,0.0,0.0,0.0,0.0,0.0,1.0,0.0,0.0,0.0,0.0,0.0,0.0,0.0,0.0,0.0,0.0,0.0,1.0,0.0,0.0
370	广枣	Choerospondiatis Fructus	0,0,0,0,1,1,0,1,0,0,0,0,0,0,0,0,0,0,0,0,0,0,0
371	蒺藜	Tribulifructus	0.0,0.0,0.5,0.0,0.0,0.0,1.0,0.0,1.0,0.0,0.0,0.0,0.0,0.0,0.0,0.0,0.0,0.0,0.0,0.0,1.0,0.0,1.0
372	倒扣草	Achyranthis Asperae Herba	1,0,0,0,0,0,0,1,0,0,1,0,0,0,0,0,0,0,1,0,1,0,0
373	寻骨风	Rhizoma Seu Herba Aristolochiae Mollissimae	0,0,0,0,1,0,1,0,1,0,0,0,0,0,0,0,1,0,0,0,1,0,0
374	降香	Dalbergiae Odoriferae Lignum	0,0,1,0,0,0,0,0,1,0,0,0,1,0,0,0,0,0,0,1,1,0,0
375	菊苣	Cichorii Radix	0.0,0.0,0.0,1.0,0.0,0.0,0.5,0.0,0.0,1.0,0.0,0.0,0.0,0.0,0.0,0.0,0.0,0.0,0.0,0.0,0.0,0.0,0.0
376	续断	Dipsaci Radix	0.0,0.0,0.5,0.0,0.0,0.0,1.0,0.0,1.0,0.0,0.0,0.0,0.0,0.0,0.0,0.0,0.0,0.0,0.0,0.0,1.0,1.0,0.0
377	布渣叶	Microctis Folium	0.5,0.0,0.0,0.0,0.0,0.0,0.0,1.0,0.0,0.0,0.0,0.0,0.0,0.0,0.0,0.0,1.0,0.0,0.0,1.0,0.0,0.0,0.0
378	紫苏	Perilla Frutescens	0,0,1,0,0,0,0,0,1,0,1,0,0,0,0,0,0,0,0,1,0,0,0
379	松子仁	Semen Pini Koraiensis	0,0,1,0,0,0,0,1,0,0,1,0,0,1,0,0,0,0,0,0,1,0,0
380	京大戟	Radix Euphorbiae Pekinensis	1,0,0,0,0,0,1,0,0,0,1,0,0,0,0,0,0,0,0,1,0,1,1
381	松节	Lignum Pini Nodi	0,0,1,0,0,0,1,0,1,0,0,0,0,0,0,0,0,0,0,0,1,1,0
382	萹蓄	Polygoni Avicularis Herba	0.5,0.0,0.0,0.0,0.0,0.0,1.0,0.0,0.0,0.0,0.0,0.0,0.0,0.0,0.0,0.0,0.0,0.0,1.0,0.0,0.0,0.0,0.0
383	粉萆薢	Dioscoreae Hypoglaucae Rhizoma	0,0,0,0,1,0,1,0,0,0,0,0,0,0,0,0,1,0,0,0,0,1,0
384	绵萆薢	Dioscoreae Septemlo Bae Rhizoma	0,0,0,0,1,0,1,0,0,0,0,0,0,0,0,0,1,0,0,0,0,1,0
385	王不留行	Vaccariae Semen	0,0,0,0,1,0,1,0,0,0,0,0,0,0,0,0,1,0,0,0,1,0,0
386	紫菀	Asteris Radix Et Rhizoma	0.0,0.0,0.5,0.0,0.0,0.0,1.0,1.0,1.0,0.0,1.0,0.0,0.0,0.0,0.0,0.0,0.0,0.0,0.0,0.0,0.0,0.0,0.0
387	瓜蒂	Calyx Cucumis	1,0,0,0,0,0,1,0,0,0,0,0,0,0,0,0,1,0,0,0,0,0,1
388	苦杏仁	Amygdalus Communis Vas	0.0,0.0,0.5,0.0,0.0,0.0,1.0,0.0,0.0,0.0,1.0,0.0,0.0,1.0,0.0,0.0,0.0,0.0,0.0,0.0,0.0,0.0,0.0
389	火麻仁	Cannabis Sativa L.	0,0,0,0,1,0,0,1,0,0,0,0,0,1,0,0,1,0,0,1,0,0,0
390	栀子	Gardeniae Fructus	1,0,0,0,0,0,1,0,0,0,1,0,1,0,1,0,0,0,0,0,0,0,0
391	莲须	Nelumbinis Stamen	0,0,0,0,1,0,0,1,0,0,0,0,1,0,0,0,0,0,0,0,0,1,0
392	黄芪	Hedysarum Multijugum Maxim.	0.0,0.0,0.5,0.0,0.0,0.0,0.0,1.0,0.0,0.0,1.0,0.0,0.0,0.0,0.0,0.0,0.0,0.0,0.0,1.0,0.0,0.0,0.0
393	草果	Amomum Tsao-Ko Crevostet	0,0,1,0,0,0,0,0,1,0,0,0,0,0,0,0,1,0,0,1,0,0,0
394	玄参	Figwort Root	0.5,0.0,0.0,0.0,0.0,0.0,1.0,1.0,0.0,1.0,1.0,0.0,0.0,0.0,0.0,0.0,1.0,0.0,0.0,0.0,0.0,1.0,0.0
395	通草	Tetrapanacis Medulla	0.5,0.0,0.0,0.0,0.0,0.0,0.0,1.0,0.0,0.0,1.0,0.0,0.0,0.0,0.0,0.0,1.0,0.0,0.0,0.0,0.0,0.0,0.0
396	小通草	Stachyurimedulla Helwingiaemedulla	1,0,0,0,0,0,0,1,0,0,1,0,0,0,0,0,1,0,0,0,0,0,0
397	天冬	Asparagi Radix	1,0,0,0,0,0,1,1,0,0,1,0,0,0,0,0,0,0,0,0,0,1,0
398	半夏	Arum Ternatum Thunb.	0,0,1,0,0,0,0,0,1,0,1,0,0,0,0,0,1,0,0,1,0,0,1
399	麻黄	Ephedra Herba	0.0,0.0,1.0,0.0,0.0,0.0,0.5,0.0,1.0,0.0,1.0,0.0,0.0,0.0,0.0,0.0,0.0,0.0,1.0,0.0,0.0,0.0,0.0
400	麻黄根	Ephedrae Radix Et Rhizoma	0,0,0,0,1,0,0,1,0,0,1,0,1,0,0,0,0,0,0,0,0,0,0
401	胡黄连	Picrorhizae Rhizoma	1,0,0,0,0,0,1,0,0,0,0,0,0,1,0,0,1,0,0,0,1,0,0
402	黄连	Coptidis Rhizoma	1,0,0,0,0,0,1,0,0,0,0,0,1,1,0,0,1,1,0,1,1,0,0
403	鱼腥草	Houttuyniae Herba	0.5,0.0,0.0,0.0,0.0,0.0,0.0,0.0,1.0,0.0,1.0,0.0,0.0,0.0,0.0,0.0,0.0,0.0,0.0,0.0,0.0,0.0,0.0
404	败酱草	Herba Patriniae	0,0,0,1,0,0,1,0,1,0,0,0,0,1,0,0,1,0,0,0,1,0,0
405	菟丝子	Cuscutae Semen	0,0,0,0,1,0,0,1,1,0,0,0,0,0,0,0,0,0,0,1,1,1,0
406	薏苡仁	Coicis Semen	0,0,0,1,0,0,0,1,0,0,1,0,0,0,0,0,1,0,0,1,0,0,0
407	矮地茶	Ardisiae Japonicae Herba	0,0,0,0,1,0,1,0,1,0,1,0,0,0,0,0,0,0,0,0,1,0,0
408	青皮	Citri Reticulatae Pericarpium Viride	0,0,1,0,0,0,1,0,1,0,0,0,0,0,0,0,1,1,0,0,1,0,0
409	皂角刺	Gleditsiae Spina	0,0,1,0,0,0,0,0,1,0,0,0,0,0,0,0,1,0,0,0,1,0,0
410	川贝母	Fritiliariae Irrhosae Bulbus	0.5,0.0,0.0,0.0,0.0,0.0,1.0,1.0,0.0,0.0,1.0,0.0,1.0,0.0,0.0,0.0,0.0,0.0,0.0,0.0,0.0,0.0,0.0
411	枸杞子	Lycii Fructus	0,0,0,0,1,0,0,1,0,0,0,0,0,0,0,0,0,0,0,0,1,1,0
412	白毛藤	Herba Solani Lyrati	1,0,0,0,0,0,1,1,0,0,0,0,0,0,0,0,0,0,0,0,1,0,0
413	地锦草	Euphorbiae Humifusae Herba	0,0,0,0,1,0,1,0,1,0,0,0,0,1,0,0,0,0,0,0,1,0,0
414	麦芽	Hordei Fructus Germinatus	0,0,0,0,1,0,0,1,0,0,0,0,0,0,0,0,1,0,0,1,0,0,0
415	白扁豆	Lablab Semen Album	0.0,0.0,0.5,0.0,0.0,0.0,0.0,1.0,0.0,0.0,0.0,0.0,0.0,0.0,0.0,0.0,1.0,0.0,0.0,1.0,0.0,0.0,0.0
416	瓜蒌	Trichosanthes Kirilowii Maxim	1.0,0.0,0.0,0.0,0.0,0.0,0.5,1.0,0.0,0.0,1.0,0.0,0.0,1.0,0.0,0.0,1.0,0.0,0.0,0.0,0.0,0.0,0.0
417	核桃仁	Juglandis Semen	0,0,1,0,0,0,0,1,0,0,1,0,0,1,0,0,0,0,0,0,0,1,0
418	桃仁	Persicae Semen	0,0,0,0,1,0,1,1,0,0,0,0,1,1,0,0,0,0,0,0,1,0,0
419	生姜	Zingiber Officinale Roscoe	0.0,0.0,0.5,0.0,0.0,0.0,0.0,0.0,1.0,0.0,1.0,0.0,0.0,0.0,0.0,0.0,1.0,0.0,0.0,1.0,0.0,0.0,0.0
420	川木通	Clematidis Armandii Caulis	1,0,0,0,0,0,1,0,0,0,0,0,1,0,0,1,0,0,1,0,0,0,0
421	木通	Caulis Akebiae	1,0,0,0,0,0,1,0,0,0,0,0,1,0,0,1,0,0,1,0,0,0,0
422	莲子心	Nelumbinis Plumula	1,0,0,0,0,0,1,0,0,0,0,0,1,0,0,0,0,0,0,0,0,1,0
423	延胡索	Corydalis Rhizoma	0,0,1,0,0,0,1,0,1,0,0,0,0,0,0,0,0,0,0,1,1,0,0
424	吴茱萸	Evodiae Fructus	0,1,0,0,0,0,1,0,1,0,0,0,0,0,0,0,1,0,0,1,1,1,1
425	石菖蒲	Acoritataninowii Rhizoma	0.0,0.0,0.5,0.0,0.0,0.0,1.0,0.0,1.0,0.0,0.0,0.0,1.0,0.0,0.0,0.0,1.0,0.0,0.0,0.0,0.0,0.0,0.0
426	紫苏子	Perillae Fructus	0,0,1,0,0,0,0,0,1,0,1,0,0,0,0,0,0,0,0,0,0,0,0
427	酸枣仁	Ziziphi Spinosae Semen	0,0,0,0,1,1,0,1,0,0,0,0,1,0,0,0,0,1,0,0,1,0,0
428	金银花	Lonicerae Japonicae Flos	1,0,0,0,0,0,0,1,0,0,1,0,1,0,0,0,1,0,0,0,0,0,0
429	松花粉	Pine Pollen	0,0,1,0,0,0,0,1,0,0,0,0,0,0,0,0,0,0,0,1,1,0,0
430	天花粉	Trichosanthis Radix	0.5,0.0,0.0,0.0,0.0,0.0,0.5,1.0,0.0,0.0,1.0,0.0,0.0,0.0,0.0,0.0,1.0,0.0,0.0,0.0,0.0,0.0,0.0
431	楮实子	Broussonetiae Fructus	1,0,0,0,0,0,0,1,0,0,0,0,0,0,0,0,0,0,0,0,1,1,0
432	冬瓜子	Benincasae Semen	0.5,0.0,0.0,0.0,0.0,0.0,0.0,1.0,0.0,0.0,1.0,0.0,0.0,0.0,0.0,1.0,0.0,0.0,0.0,1.0,0.0,0.0,0.0
433	天南星	Arisaematis Rhizoma	0,0,1,0,0,0,1,0,1,0,1,0,0,0,0,0,0,0,0,1,1,0,1
434	石见穿	Salviae Chinensis Herba	0.0,0.0,0.0,0.0,1.0,0.0,0.5,0.0,0.0,0.0,0.0,0.0,0.0,0.0,0.0,0.0,0.0,0.0,0.0,1.0,1.0,0.0,0.0
435	荆芥穗	Schizonepetae Spica	0.0,0.0,0.5,0.0,0.0,0.0,0.0,0.0,1.0,0.0,1.0,0.0,0.0,0.0,0.0,0.0,0.0,0.0,0.0,0.0,1.0,0.0,0.0
436	赤芍	Radix Paeoniae Rubra	0.5,0.0,0.0,0.0,0.0,0.0,1.0,0.0,0.0,0.0,0.0,0.0,0.0,0.0,0.0,0.0,0.0,0.0,0.0,1.0,1.0,0.0,0.0
437	秦皮	Fraxini Cortex	1,0,0,0,0,0,1,0,0,0,0,0,0,1,0,0,0,1,0,0,1,0,0
438	香加皮	Cortex Periplocae Radicis	0,0,1,0,0,0,1,0,1,0,0,0,1,0,0,0,0,0,0,0,1,1,0
439	厚朴	Magnolia Officinalis Rehd Et Wils．	0,0,1,0,0,0,1,0,1,0,1,0,0,1,0,0,1,0,0,1,0,0,0
440	苦楝皮	Meliae Cortex	1,0,0,0,0,0,0,1,0,0,0,0,0,0,0,0,1,0,0,1,1,0,0
441	牡丹皮	Cortex Moutan	0.5,0.0,0.0,0.0,0.0,0.0,1.0,0.0,1.0,0.0,0.0,0.0,1.0,0.0,0.0,0.0,0.0,0.0,0.0,0.0,1.0,1.0,0.0
442	地骨皮	Lycii Cortex	1,0,0,0,0,0,0,1,0,0,1,0,0,0,0,0,0,0,0,0,1,1,0
443	地枫皮	Illicium Difengpi K. L. B. Et K. I. M.	0.0,0.0,1.0,0.0,0.0,0.0,0.0,0.0,0.5,0.0,0.0,0.0,0.0,0.0,0.0,0.0,0.0,0.0,1.0,0.0,0.0,1.0,1.0
444	白鲜皮	Dictamni Cortex	1,0,0,0,0,0,1,0,0,0,0,0,0,0,0,0,1,0,0,1,0,0,0
445	土荆皮	Pseudolaricis Cortex	0,0,1,0,0,0,0,0,1,0,1,0,0,0,0,0,0,0,0,1,0,0,0
