0 82
0 164
0 200
0 306
0 465
0 489
0 506
0 603
0 669
0 705
0 890
0 949
0 1096
0 1184
0 1329
0 1347
0 1379
0 1384
0 1669
0 1704
0 1745
0 1899
1 410
1 465
1 840
1 1173
1 1204
1 1360
1 1385
1 1486
1 1512
1 1582
2 357
2 1204
2 1385
2 1428
2 1620
3 190
3 403
3 410
3 465
3 795
3 1175
3 1704
4 78
4 480
4 527
4 1044
5 246
5 1043
5 1704
5 1879
6 78
6 831
6 1601
7 101
7 160
7 545
7 1704
7 1808
8 1118
9 372
9 403
9 410
9 427
9 442
9 948
9 1012
9 1303
9 1395
9 1471
9 1492
9 1704
9 1830
9 1873
10 1704
10 1792
10 1807
11 62
11 324
11 444
11 465
11 750
11 949
11 1477
11 1671
11 1792
11 1809
12 465
12 949
12 1379
12 1568
12 1651
12 1704
13 83
13 336
13 465
13 675
13 949
13 1379
13 1792
14 59
14 417
14 585
14 756
14 819
14 1073
14 1161
14 1272
14 1524
14 1533
14 1555
14 1704
14 1742
15 117
15 410
15 558
15 816
15 848
15 1074
15 1379
15 1385
15 1701
15 1704
15 1985
16 63
16 440
16 801
16 1187
16 1467
16 1941
17 151
17 164
17 465
17 694
17 728
17 767
17 949
17 1033
17 1051
17 1090
17 1157
17 1385
17 1498
17 1584
17 1648
17 1727
18 71
18 113
18 183
18 410
18 597
18 1385
18 1792
18 1860
19 465
20 422
20 1385
20 1477
20 1585
20 1792
21 42
21 367
21 377
21 573
21 798
21 1163
21 1277
21 1937
21 1958
22 148
22 411
22 692
22 1018
22 1187
22 1256
22 1318
22 1628
22 1792
23 148
23 183
23 317
23 372
23 465
23 506
23 1385
23 1792
24 235
24 806
24 821
24 1704
24 1792
25 597
25 672
25 694
25 877
25 1146
25 1385
25 1428
25 1792
26 98
26 138
26 587
26 602
26 1013
26 1282
26 1355
26 1451
26 1464
26 1613
26 1693
26 1792
26 1819
26 1997
27 620
28 310
28 461
28 523
28 626
28 1183
28 1667
28 1688
28 1921
29 795
29 995
29 1704
29 1756
30 1071
30 1518
31 853
32 427
32 451
32 836
32 966
32 973
32 1385
32 1532
32 1553
32 1579
32 1636
32 1792
32 1976
32 1984
33 949
33 1373
33 1851
34 143
34 360
34 465
34 632
34 642
34 733
34 895
34 949
34 1056
34 1144
34 1393
34 1776
34 1792
35 134
35 190
35 246
35 355
35 403
35 423
35 465
35 520
35 526
35 599
35 705
35 828
35 934
35 949
35 1368
35 1428
35 1457
35 1463
35 1568
35 1606
35 1709
35 1792
35 1815
35 1855
35 1865
36 465
36 949
36 1651
37 148
37 987
37 1074
37 1792
38 1385
38 1704
39 189
39 405
39 987
39 1047
39 1074
39 1431
39 1568
39 1708
40 258
40 410
40 1081
40 1116
40 1700
41 1322
42 403
42 410
42 427
43 12
44 382
44 1541
45 125
45 375
45 624
45 747
45 1084
45 1482
45 1792
46 372
46 726
46 758
46 949
46 974
46 1262
46 1585
46 1792
46 1808
46 1995
47 403
47 410
47 465
47 543
47 753
47 1013
47 1204
47 1704
48 39
48 465
48 590
48 652
48 680
48 768
48 949
48 1111
48 1568
48 1651
48 1961
49 517
49 1385
49 1704
50 188
50 323
50 517
50 538
50 584
50 760
50 857
50 869
50 1171
50 1314
50 1510
51 34
51 41
51 323
51 358
51 366
51 408
51 434
51 857
51 1048
51 1378
51 1383
51 1452
51 1585
51 1616
51 1759
52 329
52 465
52 1320
52 1402
53 104
53 150
53 175
53 236
53 410
53 1204
53 1586
54 17
54 111
54 145
54 158
54 159
54 162
54 191
54 204
54 218
54 220
54 323
54 404
54 466
54 505
54 517
54 521
54 548
54 674
54 708
54 832
54 857
54 871
54 892
54 899
54 916
54 939
54 944
54 989
54 1009
54 1024
54 1100
54 1147
54 1196
54 1301
54 1305
54 1324
54 1334
54 1363
54 1433
54 1472
54 1609
54 1654
54 1658
54 1692
54 1760
54 1792
54 1813
54 1885
54 1894
54 1897
54 1940
54 1968
55 164
55 223
55 410
55 517
55 1204
55 1792
56 758
56 760
56 1171
56 1281
56 1792
57 305
57 992
57 1093
57 1342
57 1429
57 1558
57 1864
58 49
58 131
58 160
58 169
58 193
58 225
58 313
58 465
58 503
58 561
58 562
58 570
58 663
58 717
58 901
58 998
58 1191
58 1276
58 1286
58 1385
58 1439
58 1576
58 1584
58 1620
58 1792
58 1829
58 1861
58 1916
58 1962
59 93
59 107
59 465
59 509
59 766
59 1542
59 1704
59 1783
59 1792
60 156
60 709
60 1138
61 779
61 1527
61 1823
61 1991
62 694
62 1379
62 1482
63 583
63 610
63 694
63 707
63 1428
63 1704
63 1792
64 465
64 1704
65 517
65 1173
65 1285
65 1568
65 1651
65 1704
65 1792
66 495
66 631
66 938
66 1379
66 1385
66 1445
66 1659
66 1704
66 1748
67 160
67 390
67 465
67 559
67 949
67 1235
67 1704
67 1792
68 120
68 205
68 252
68 465
68 628
68 659
68 757
68 783
68 789
68 842
68 882
68 949
68 1014
68 1075
68 1094
68 1112
68 1364
68 1376
68 1568
68 1704
68 1792
68 1871
68 1936
69 489
69 687
69 1407
69 1465
69 1792
69 1863
70 114
70 126
70 273
70 349
70 398
70 457
70 493
70 541
70 608
70 880
70 898
70 994
70 1013
70 1174
70 1379
70 1385
70 1477
70 1584
70 1585
70 1651
70 1792
70 1809
70 1905
70 1989
71 89
71 326
71 356
71 689
71 736
71 743
71 802
71 981
71 1317
71 1379
71 1585
71 1622
71 1650
71 1704
71 1767
71 1831
72 238
72 246
72 465
72 1098
72 1129
72 1792
73 4
73 410
73 465
73 694
73 949
73 1238
73 1262
73 1428
73 1671
73 1704
73 1792
74 179
74 344
74 1704
75 15
75 1355
75 1704
75 1792
75 1903
76 1901
77 347
77 438
77 465
77 512
77 949
77 1235
77 1246
77 1356
77 1385
77 1491
77 1757
77 1792
78 7
78 209
78 216
78 292
78 310
78 396
78 424
78 465
78 595
78 669
78 753
78 801
78 953
78 959
78 1194
78 1264
78 1265
78 1385
78 1415
78 1450
78 1489
78 1515
78 1576
78 1792
78 1801
78 1802
78 1996
79 5
79 7
79 77
79 132
79 163
79 209
79 284
79 292
79 310
79 344
79 419
79 465
79 489
79 523
79 626
79 669
79 712
79 801
79 959
79 1194
79 1264
79 1265
79 1304
79 1385
79 1403
79 1415
79 1488
79 1489
79 1554
79 1556
79 1576
79 1605
79 1617
79 1792
79 1860
80 87
80 131
80 197
80 222
80 255
80 389
80 465
80 557
80 640
80 753
80 821
80 856
80 949
80 1037
80 1062
80 1088
80 1198
80 1205
80 1230
80 1299
80 1428
80 1451
80 1475
80 1633
80 1750
80 1792
81 152
81 507
81 520
81 919
81 1008
81 1385
81 1621
81 1640
82 274
82 425
82 465
82 718
82 826
82 864
82 865
82 910
82 949
82 1111
82 1173
82 1236
82 1409
82 1663
82 1736
82 1762
82 1792
82 1895
83 27
83 46
83 128
83 183
83 393
83 444
83 465
83 471
83 653
83 694
83 726
83 734
83 753
83 949
83 1125
83 1262
83 1272
83 1355
83 1368
83 1379
83 1385
83 1505
83 1651
83 1745
83 1792
84 138
84 330
84 949
84 1074
84 1282
84 1385
84 1613
84 1693
84 1704
84 1819
85 8
85 197
85 212
85 393
85 403
85 427
85 465
85 557
85 576
85 618
85 669
85 763
85 854
85 856
85 949
85 974
85 1136
85 1165
85 1204
85 1299
85 1373
85 1385
85 1460
85 1572
85 1684
85 1703
85 1792
85 1797
85 1911
86 117
86 465
86 478
86 694
86 851
86 949
86 985
86 1355
86 1423
86 1450
86 1546
86 1568
86 1681
86 1704
86 1730
87 213
87 295
87 465
87 681
87 949
87 987
87 1792
88 116
88 465
88 694
88 949
88 1169
88 1431
88 1477
88 1704
88 1792
89 949
89 1047
89 1379
89 1568
89 1651
89 1704
90 465
90 476
90 487
90 694
90 699
90 949
90 1004
90 1428
90 1442
90 1620
90 1755
90 1792
90 1816
90 1875
90 1889
91 232
91 378
91 465
91 610
91 949
91 1076
91 1428
91 1651
91 1792
92 372
93 1074
94 183
94 209
94 310
94 678
94 1792
95 465
95 949
95 1385
95 1534
95 1792
96 160
96 183
96 465
96 592
96 1262
96 1385
96 1504
96 1792
97 60
97 148
97 465
97 725
97 949
97 1069
97 1572
97 1704
98 13
98 370
98 375
98 669
98 1084
98 1219
98 1482
98 1792
98 1963
99 33
99 465
99 563
99 694
99 949
99 1792
100 160
100 465
100 694
100 949
100 1204
100 1228
100 1255
100 1792
101 105
101 194
101 421
101 465
101 885
101 949
101 964
101 1087
101 1199
101 1414
101 1451
101 1503
101 1792
101 1840
102 1379
102 1808
102 1995
103 1
103 139
103 206
103 465
103 488
103 610
103 638
103 694
103 701
103 824
103 865
103 926
103 949
103 1379
103 1460
103 1649
103 1745
103 1792
103 1926
104 71
104 337
104 465
104 502
104 559
104 669
104 694
104 726
104 886
104 911
104 949
104 974
104 1235
104 1319
104 1379
104 1397
104 1745
104 1792
104 1808
104 1995
105 215
105 454
105 465
105 1049
105 1379
105 1453
105 1704
105 1734
105 1792
105 1808
105 1995
106 183
106 393
106 1012
106 1792
107 614
107 1379
107 1456
107 1677
107 1792
107 1942
108 78
108 135
108 278
108 304
108 365
108 456
108 465
108 527
108 775
108 855
108 949
108 1065
108 1211
108 1381
108 1422
108 1599
108 1661
108 1903
109 425
109 450
109 465
109 694
109 742
109 751
109 949
109 1236
109 1917
110 73
110 76
110 248
110 403
110 465
110 1521
110 1594
110 1704
110 1792
111 564
111 694
111 1379
111 1385
111 1630
112 1385
112 1792
113 83
113 297
113 465
113 703
113 1050
113 1926
113 1964
113 1997
114 183
114 246
114 363
114 430
114 473
114 484
114 504
114 615
114 804
114 932
114 941
114 1064
114 1166
114 1257
114 1483
114 1590
114 1678
114 1967
114 1975
115 160
115 260
115 296
115 417
115 465
115 496
115 585
115 949
115 974
115 1272
115 1379
115 1704
115 1718
116 35
116 46
116 240
116 403
116 410
116 428
116 460
116 465
116 472
116 648
116 669
116 703
116 793
116 949
116 1157
116 1233
116 1258
116 1379
116 1385
116 1792
116 1972
116 1996
117 0
117 12
117 38
117 61
117 65
117 77
117 134
117 230
117 272
117 331
117 342
117 432
117 485
117 501
117 545
117 550
117 637
117 662
117 669
117 713
117 718
117 777
117 781
117 800
117 803
117 809
117 833
117 917
117 976
117 1055
117 1060
117 1080
117 1095
117 1157
117 1159
117 1164
117 1170
117 1176
117 1177
117 1232
117 1290
117 1348
117 1358
117 1361
117 1369
117 1379
117 1380
117 1548
117 1550
117 1569
117 1634
117 1635
117 1712
117 1804
117 1806
117 1838
117 1880
117 1959
118 242
118 465
118 529
118 694
118 949
119 168
119 183
119 335
119 381
119 639
119 1379
119 1385
119 1431
119 1670
119 1704
119 1719
119 1745
120 87
120 131
120 197
120 222
120 255
120 389
120 465
120 557
120 640
120 753
120 821
120 856
120 949
120 1037
120 1062
120 1088
120 1198
120 1205
120 1230
120 1299
120 1428
120 1451
120 1475
120 1633
120 1750
120 1792
121 116
121 183
121 465
121 1262
121 1379
121 1385
121 1715
121 1792
121 1912
121 1983
122 465
122 949
122 1385
122 1431
122 1792
123 465
123 949
123 1651
123 1704
123 1792
124 1480
125 337
125 388
125 726
125 1013
125 1272
125 1379
125 1396
125 1704
125 1808
125 1995
126 177
126 465
126 490
126 638
126 1139
126 1379
126 1398
126 1691
126 1808
126 1995
127 37
127 741
127 1240
127 1385
127 1585
127 1593
127 1646
127 1792
127 1971
128 32
128 206
128 232
128 465
128 849
128 868
128 983
128 1023
128 1066
128 1092
128 1287
128 1307
128 1350
128 1385
128 1457
128 1704
128 1711
128 1792
129 81
129 559
130 12
130 69
130 465
130 949
130 1250
130 1451
130 1568
130 1704
130 1792
131 227
131 390
131 465
131 694
131 949
131 1204
131 1337
131 1392
132 403
132 528
132 1379
132 1385
132 1482
132 1792
133 465
133 502
133 1704
134 1379
134 1610
134 1792
135 12
135 1208
135 1379
135 1385
135 1499
135 1792
136 136
136 228
136 317
136 410
136 465
136 486
136 583
136 623
136 707
136 906
136 1046
136 1320
136 1353
136 1449
136 1704
136 1860
136 1983
137 1704
137 1792
138 108
138 182
138 231
138 302
138 452
138 942
138 956
138 960
138 982
138 1130
138 1220
138 1249
138 1274
138 1295
138 1399
138 1448
138 1638
138 1754
138 1771
138 1794
138 1802
138 1845
138 1987
139 90
139 94
139 244
139 465
139 825
139 850
139 949
139 982
139 1200
139 1379
139 1651
139 1745
139 1792
139 1808
139 1851
140 97
140 252
140 354
140 372
140 403
140 726
140 1671
140 1841
140 1890
140 1927
140 1935
141 248
141 383
141 465
141 612
141 694
141 848
141 1090
141 1103
141 1186
141 1272
141 1330
141 1468
141 1792
142 96
142 301
142 465
142 559
142 726
142 753
142 974
142 1379
142 1385
142 1704
142 1792
143 465
143 506
143 694
143 1379
143 1792
144 171
144 337
144 426
144 465
144 669
144 949
144 1148
144 1201
144 1203
144 1252
144 1379
144 1573
144 1697
144 1792
144 1834
145 1585
145 1792
146 67
146 325
146 437
146 465
146 1339
146 1347
146 1704
146 1792
146 1880
146 1956
147 22
147 233
147 465
147 694
147 949
147 1568
147 1704
147 1715
147 1808
147 1995
148 206
148 468
148 546
148 610
148 1124
148 1244
148 1366
148 1379
148 1385
148 1704
148 1949
149 465
149 694
149 949
149 1428
149 1620
149 1792
150 25
150 30
150 122
150 209
150 314
150 523
150 534
150 782
150 789
150 799
150 814
150 929
150 1152
150 1183
150 1241
150 1373
150 1793
150 1799
150 1849
150 1901
151 465
151 1074
151 1262
151 1651
152 259
152 465
152 602
152 694
152 824
152 848
152 949
152 954
152 1022
152 1023
152 1090
152 1215
152 1243
152 1379
152 1385
152 1397
152 1563
152 1704
152 1926
153 569
153 1385
153 1398
153 1792
154 465
154 949
154 1294
154 1379
154 1428
154 1792
154 1808
154 1995
155 465
155 848
155 979
155 1704
155 1782
155 1792
155 1808
156 439
156 1385
156 1477
156 1509
156 1704
157 352
157 465
157 949
157 1379
157 1620
157 1704
157 1853
158 465
158 618
158 949
158 1428
158 1704
158 1792
159 22
159 83
159 160
159 361
159 388
159 410
159 420
159 465
159 574
159 583
159 597
159 606
159 982
159 1157
159 1190
159 1233
159 1235
159 1279
159 1280
159 1328
159 1379
159 1385
159 1418
159 1704
159 1766
159 1792
159 1802
159 1993
159 1996
160 141
160 359
160 465
160 585
160 726
160 810
160 934
160 949
160 1062
160 1306
160 1379
160 1600
160 1715
160 1745
160 1808
160 1817
160 1995
161 465
161 923
161 1004
161 1095
161 1101
161 1385
161 1792
162 465
162 949
162 1379
162 1620
162 1651
163 911
163 1131
163 1379
163 1792
164 465
164 904
164 924
164 949
164 1460
164 1792
165 83
165 664
165 1026
165 1157
165 1379
165 1385
165 1598
165 1704
165 1996
166 183
166 372
166 465
166 826
166 949
166 1379
166 1400
166 1729
166 1792
167 465
167 949
167 1704
167 1729
167 1792
168 56
168 403
168 465
168 726
168 730
168 949
168 950
168 1004
168 1379
168 1385
168 1397
168 1792
169 117
169 403
169 465
169 559
169 796
169 949
169 1204
169 1379
169 1792
170 94
170 372
170 373
170 433
170 465
170 565
170 1167
170 1272
170 1514
170 1606
171 465
171 1385
171 1704
171 1808
171 1995
172 83
172 206
172 372
172 987
172 1385
172 1431
172 1704
172 1782
172 1824
172 1827
173 184
173 465
173 722
174 340
174 465
174 706
174 949
174 1028
174 1704
174 1768
174 1983
175 465
175 537
175 949
175 1333
175 1620
175 1704
175 1792
176 1385
177 168
177 465
177 949
177 1704
177 1792
178 440
178 446
178 523
178 560
178 846
178 874
178 881
178 1187
178 1595
178 1721
178 1775
179 72
179 99
179 110
179 119
179 312
179 316
179 418
179 462
179 465
179 517
179 559
179 613
179 754
179 773
179 848
179 921
179 949
179 1003
179 1172
179 1192
179 1285
179 1379
179 1385
179 1397
179 1540
179 1704
179 1838
180 465
180 694
180 949
180 1268
180 1416
180 1585
180 1695
180 1770
180 1772
180 1792
180 1932
181 117
181 647
181 957
181 1379
181 1455
181 1704
181 1792
182 724
182 1704
182 1792
183 249
183 1145
184 42
184 465
184 524
184 949
184 1157
184 1996
185 427
185 841
185 1179
185 1254
185 1257
185 1636
185 1651
186 403
186 1225
186 1419
186 1499
186 1704
187 465
187 1013
187 1568
187 1651
187 1704
187 1792
188 410
189 55
189 64
189 102
189 200
189 207
189 459
189 542
189 593
189 669
189 726
189 883
189 1262
189 1333
189 1357
189 1385
189 1444
189 1629
189 1792
189 1950
190 183
190 1262
190 1925
191 76
191 403
191 465
191 711
191 1074
191 1851
192 279
192 758
192 1089
192 1130
192 1704
192 1792
193 307
193 465
193 949
193 1568
193 1704
193 1737
194 927
194 1385
194 1704
194 1798
195 668
195 1572
195 1704
196 254
196 465
196 949
196 977
196 1180
196 1385
196 1792
196 1854
196 1990
197 407
197 451
197 1704
197 1792
197 1814
198 132
198 403
198 472
198 1260
198 1676
198 1715
198 1792
198 1822
199 422
199 974
199 1278
199 1792
200 774
200 780
200 945
200 1006
200 1114
200 1202
200 1310
200 1379
200 1562
200 1689
200 1792
200 1988
201 88
201 103
201 138
201 157
201 464
201 522
201 601
201 603
201 746
201 834
201 1008
201 1057
201 1063
201 1261
201 1347
201 1451
201 1704
201 1792
201 1878
201 1906
202 571
202 597
202 651
202 669
202 1002
202 1235
202 1385
202 1572
202 1792
203 1379
204 1074
204 1636
204 1704
205 183
205 465
205 785
205 1262
205 1385
205 1568
205 1704
205 1792
206 465
206 481
206 579
206 681
206 690
206 794
206 896
206 1113
206 1204
206 1438
206 1536
206 1704
206 1716
206 1727
206 1792
206 1848
206 1850
207 155
207 320
207 551
207 650
207 697
207 720
207 827
207 1052
207 1125
207 1311
207 1461
207 1529
207 1550
207 1626
207 1922
208 465
208 795
208 949
208 955
208 1379
208 1387
208 1428
208 1451
208 1477
208 1482
208 1502
208 1631
208 1792
208 1809
209 245
209 594
209 608
209 684
209 697
209 876
209 1292
209 1528
209 1583
209 1778
209 1812
209 1892
210 465
210 949
210 1428
210 1792
211 337
211 465
211 949
211 1313
211 1385
211 1459
211 1792
212 44
212 81
212 121
212 132
212 153
212 337
212 526
212 559
212 618
212 792
212 817
212 843
212 845
212 1040
212 1111
212 1333
212 1350
212 1354
212 1379
212 1914
212 1979
213 337
213 394
213 1350
213 1715
213 1792
214 251
214 1204
214 1268
214 1704
214 1770
215 142
215 183
215 465
215 949
215 1058
215 1636
215 1792
216 183
216 336
216 949
216 974
216 1431
216 1459
216 1792
217 465
217 949
218 1385
218 1792
219 183
219 337
219 465
219 1620
219 1792
220 337
220 559
220 1350
220 1653
220 1704
221 173
221 211
221 367
221 396
221 1520
221 1615
221 1620
221 1819
222 68
222 73
222 130
222 131
222 138
222 183
222 186
222 200
222 321
222 335
222 362
222 390
222 403
222 410
222 427
222 465
222 554
222 559
222 694
222 745
222 877
222 949
222 1239
222 1385
222 1492
222 1539
222 1568
222 1603
222 1619
222 1651
222 1704
222 1792
223 12
223 465
223 547
223 949
223 1030
223 1072
223 1164
223 1326
223 1379
223 1424
223 1564
223 1615
223 1620
223 1651
223 1792
223 1856
223 1889
224 1385
224 1704
225 726
225 971
225 974
225 1699
225 1973
226 135
226 281
226 465
226 467
226 475
226 657
226 861
226 949
226 1183
226 1379
226 1428
226 1445
226 1647
226 1657
226 1792
226 1802
226 1810
226 1824
226 1836
226 1939
226 1974
227 403
228 97
228 785
228 1726
229 25
229 502
229 517
229 666
229 810
229 1013
229 1235
229 1385
229 1535
229 1704
229 1792
230 465
230 726
230 1099
230 1554
230 1792
231 1047
231 1355
231 1568
231 1651
232 26
232 138
232 322
232 371
232 402
232 410
232 598
232 753
232 1013
232 1143
232 1385
232 1597
232 1624
232 1997
233 117
233 299
233 410
233 1385
233 1549
233 1704
233 1792
234 1385
234 1770
235 465
235 525
235 669
235 1379
235 1792
236 403
236 695
236 1286
236 1345
237 113
237 328
237 465
237 691
237 729
237 825
237 1379
237 1417
237 1441
237 1454
238 149
238 266
238 403
238 465
238 669
238 694
238 949
238 963
238 965
238 1057
238 1385
238 1449
238 1477
238 1566
238 1651
238 1723
238 1732
238 1792
238 1842
238 1873
238 1889
239 465
239 949
239 1379
239 1620
239 1651
239 1792
239 1828
240 160
240 388
240 465
240 873
240 949
240 1031
240 1173
240 1285
240 1651
240 1745
240 1789
240 1792
240 1903
241 164
241 1641
241 1704
241 1792
242 160
242 410
242 465
242 753
242 949
242 1385
242 1792
242 1990
243 73
243 81
243 121
243 153
243 337
243 792
243 843
243 1350
243 1354
243 1792
244 403
244 449
244 502
244 949
244 974
244 1445
244 1792
244 1810
245 22
245 83
245 465
245 1004
245 1389
245 1690
245 1704
246 277
246 401
246 688
246 969
246 1155
246 1374
246 1494
246 1501
246 1614
246 1722
246 1945
247 335
247 422
247 1016
247 1021
247 1158
247 1792
248 83
248 244
248 302
248 465
248 589
248 850
248 1013
248 1157
248 1271
248 1385
248 1598
248 1620
248 1636
248 1745
248 1792
248 1802
248 1996
249 465
249 1262
249 1428
249 1568
250 696
250 1262
251 112
251 384
252 179
252 489
252 889
252 1104
252 1792
253 18
253 160
253 271
253 862
253 1335
253 1375
253 1385
253 1458
253 1651
253 1773
254 1333
254 1385
254 1792
255 265
255 388
255 465
255 949
255 1162
255 1285
255 1379
255 1685
255 1792
256 11
256 51
256 307
256 591
256 596
256 693
256 884
256 1385
256 1397
256 1632
256 1704
256 1792
257 183
257 190
257 465
257 671
257 968
257 1001
257 1027
257 1960
258 56
258 70
258 183
258 289
258 372
258 585
258 659
258 669
258 679
258 721
258 819
258 905
258 968
258 1262
258 1385
258 1451
258 1704
258 1792
258 1953
258 1966
259 465
259 694
259 949
259 1385
259 1568
259 1704
260 1047
260 1568
261 403
261 423
261 1272
261 1379
261 1745
261 1946
262 25
262 168
262 210
262 403
262 461
262 465
262 523
262 801
262 888
262 905
262 1313
262 1355
262 1385
262 1407
262 1428
262 1449
262 1546
262 1551
262 1580
262 1651
262 1773
262 1792
262 1958
263 28
263 949
264 465
264 949
264 1379
264 1428
264 1651
265 1385
265 1704
266 45
266 325
266 795
266 990
266 1000
266 1285
266 1408
266 1425
266 1637
266 1671
266 1704
266 1792
266 1833
267 337
267 456
267 465
267 597
267 608
267 1315
267 1696
267 1715
267 1789
267 1792
268 1704
269 176
269 506
269 1704
269 1792
269 1947
270 138
270 305
270 669
270 949
270 992
270 996
270 1013
270 1117
271 58
271 183
271 764
271 838
271 875
271 1059
271 1074
271 1110
271 1262
271 1704
271 1920
272 16
272 135
272 161
272 187
272 190
272 250
272 263
272 516
272 517
272 536
272 571
272 600
272 609
272 635
272 683
272 755
272 759
272 858
272 879
272 894
272 903
272 928
272 949
272 1023
272 1061
272 1132
272 1134
272 1141
272 1151
272 1350
272 1385
272 1428
272 1526
272 1585
272 1588
272 1666
272 1674
272 1738
272 1747
272 1763
272 1792
272 1835
272 1844
272 1866
272 1891
272 1902
272 1919
272 1928
272 1938
272 1994
273 71
273 196
273 949
273 1431
273 1651
273 1704
274 935
274 1477
274 1579
274 1792
275 234
275 235
275 1262
275 1720
276 491
276 581
276 870
276 943
276 947
276 1010
276 1011
276 1293
276 1308
276 1316
276 1385
276 1511
276 1554
276 1704
276 1800
276 1954
277 86
277 176
277 465
277 795
277 825
277 949
277 1242
277 1355
277 1385
277 1568
277 1724
277 1792
277 1881
278 506
278 795
278 815
278 935
278 1000
278 1370
278 1704
278 1792
278 1909
278 1996
279 69
279 90
279 209
279 302
279 309
279 372
279 395
279 420
279 471
279 574
279 606
279 730
279 813
279 893
279 938
279 974
279 982
279 1111
279 1206
279 1309
279 1385
279 1418
279 1434
279 1441
279 1487
279 1561
279 1568
279 1699
279 1704
279 1705
279 1792
279 1794
279 1802
279 1808
279 1996
280 131
280 658
280 891
280 908
280 1296
280 1792
280 1919
281 390
281 465
281 669
281 1620
281 1651
281 1792
282 465
282 616
282 669
282 694
282 808
282 949
282 952
282 1273
282 1665
282 1704
282 1792
282 1839
282 1982
283 346
283 544
283 787
283 1497
283 1704
284 83
284 87
284 212
284 583
284 694
284 811
284 904
284 1034
284 1105
284 1379
284 1385
284 1482
284 1502
284 1544
284 1655
284 1943
285 3
285 1067
285 1302
285 1385
285 1675
285 1687
285 1704
285 1744
285 1983
286 134
286 166
286 232
286 288
286 372
286 411
286 463
286 651
286 660
286 1123
286 1227
286 1256
286 1286
286 1379
286 1385
286 1427
286 1459
286 1541
286 1581
286 1983
287 641
287 1531
287 1585
288 578
288 1379
288 1408
288 1808
288 1983
289 133
289 170
289 235
289 913
289 1212
289 1325
289 1349
289 1537
289 1704
289 1731
290 1704
290 1792
291 23
291 443
291 1007
292 410
292 1385
292 1905
293 53
293 269
293 286
293 465
293 559
293 654
293 718
293 769
293 1051
293 1153
293 1170
293 1214
293 1229
293 1231
293 1304
293 1333
293 1390
293 1565
293 1684
293 1704
293 1791
293 1792
293 1803
293 1977
294 199
294 582
294 718
294 1333
294 1444
294 1565
294 1607
294 1706
294 1792
295 29
295 189
295 208
295 465
295 549
295 603
295 622
295 694
295 949
295 1128
295 1379
295 1385
295 1679
295 1704
295 1745
295 1781
295 1792
296 12
296 160
296 337
296 388
296 540
296 672
296 949
296 1111
296 1209
296 1367
296 1379
296 1385
296 1443
296 1651
296 1792
296 1934
297 270
297 348
297 1004
297 1074
297 1385
297 1792
298 314
298 837
298 988
298 1466
298 1474
298 1756
298 1930
298 1944
299 12
299 1756
300 22
300 47
300 135
300 181
300 483
300 704
300 925
300 930
300 1224
300 1317
300 1346
300 1538
300 1644
300 1682
300 1704
300 1792
300 1852
300 1893
301 183
301 514
301 1262
301 1507
301 1792
302 160
302 368
302 636
302 918
302 949
302 1005
302 1127
303 778
303 806
303 949
303 1125
303 1140
303 1257
303 1359
303 1406
304 160
304 184
304 465
304 760
304 949
304 1111
304 1379
304 1477
304 1555
304 1606
304 1972
304 1996
305 12
305 378
305 456
305 465
305 694
305 1047
305 1111
305 1355
305 1379
305 1568
305 1651
305 1704
305 1792
305 1969
306 275
306 456
306 566
306 577
306 608
306 795
306 904
306 949
306 1347
306 1385
306 1581
307 138
307 264
307 465
307 986
307 1371
307 1379
307 1464
307 1651
307 1693
307 1792
308 283
308 337
308 786
308 1291
308 1372
308 1513
308 1704
308 1735
308 1792
308 1882
308 1923
308 1933
309 42
309 129
309 160
309 229
309 293
309 465
309 470
309 524
309 553
309 555
309 559
309 575
309 580
309 603
309 627
309 665
309 861
309 867
309 924
309 933
309 936
309 984
309 1025
309 1036
309 1038
309 1142
309 1181
309 1189
309 1223
309 1237
309 1269
309 1321
309 1332
309 1370
309 1379
309 1408
309 1477
309 1525
309 1640
309 1683
309 1749
309 1811
309 1825
309 1911
310 83
310 153
310 178
310 285
310 311
310 343
310 350
310 410
310 506
310 669
310 731
310 765
310 911
310 1084
310 1173
310 1213
310 1235
310 1354
310 1385
310 1386
310 1431
310 1482
310 1530
310 1704
310 1792
310 1808
310 1995
311 74
311 124
311 308
311 414
311 447
311 572
311 629
311 1288
311 1300
311 1394
311 1446
311 1466
311 1479
311 1704
311 1756
311 1770
311 1929
311 1992
312 332
312 718
312 726
312 864
312 1070
312 1304
312 1333
312 1435
312 1565
312 1704
312 1707
312 1792
312 1900
313 465
313 1428
313 1585
313 1651
313 1792
314 1385
315 324
315 380
315 829
315 1188
315 1377
315 1611
315 1802
316 209
316 239
316 255
316 345
316 397
316 455
316 535
316 559
316 655
316 726
316 812
316 1125
316 1217
316 1304
316 1391
316 1554
316 1704
316 1777
316 1792
316 1955
317 337
317 398
317 417
317 465
317 506
317 1263
317 1370
317 1385
317 1477
317 1648
317 1792
317 1809
317 1872
318 1715
318 1792
318 1876
319 10
319 183
319 286
319 532
319 651
319 661
319 718
319 1077
319 1304
319 1333
319 1535
319 1664
319 1704
319 1751
319 1792
319 1802
319 1950
320 174
320 238
320 282
320 327
320 415
320 604
320 607
320 609
320 770
320 905
320 1068
320 1078
320 1085
320 1125
320 1222
320 1234
320 1253
320 1297
320 1385
320 1477
320 1547
320 1604
320 1608
320 1704
320 1792
320 1867
320 1896
320 1957
320 1970
321 295
321 1385
321 1519
321 1792
322 22
322 341
322 465
322 920
322 949
322 1323
322 1428
322 1436
322 1792
323 192
323 1385
323 1758
323 1792
324 183
324 1704
324 1792
325 518
325 914
325 1262
325 1283
325 1476
325 1704
325 1792
325 1883
325 1910
326 12
326 135
326 378
326 465
326 1385
326 1568
326 1651
326 1704
326 1792
326 1983
327 195
327 852
327 949
327 1020
327 1086
327 1428
327 1651
327 1704
327 1765
327 1792
328 44
328 127
328 183
328 410
328 416
328 651
328 675
328 718
328 974
328 1262
328 1304
328 1333
328 1385
328 1431
328 1435
328 1517
328 1720
328 1792
328 1862
328 1884
328 1915
328 1950
329 518
329 1591
329 1704
329 1792
330 682
330 898
330 915
330 1485
330 1668
330 1753
330 1820
331 43
331 290
331 448
331 633
331 645
331 797
331 922
332 117
332 625
332 1248
332 1385
332 1792
332 1922
333 42
333 172
333 465
333 524
333 553
333 569
333 580
333 694
333 807
333 878
333 924
333 949
333 1079
333 1181
333 1189
333 1388
333 1422
333 1477
333 1579
333 1739
334 465
334 675
334 718
334 1333
334 1385
334 1435
334 1707
334 1792
335 131
335 508
335 649
335 771
335 1296
335 1704
336 784
336 819
336 949
336 1091
336 1125
336 1482
336 1704
336 1769
336 1826
337 307
337 596
337 710
337 748
337 1239
337 1559
337 1859
338 2
338 21
338 28
338 31
338 106
338 144
338 166
338 167
338 201
338 219
338 273
338 298
338 337
338 351
338 353
338 364
338 376
338 385
338 398
338 429
338 445
338 465
338 492
338 494
338 498
338 499
338 506
338 513
338 515
338 553
338 556
338 605
338 619
338 646
338 670
338 694
338 702
338 714
338 723
338 737
338 740
338 761
338 772
338 825
338 835
338 844
338 847
338 949
338 951
338 1032
338 1045
338 1082
338 1106
338 1119
338 1149
338 1154
338 1185
338 1193
338 1198
338 1210
338 1219
338 1245
338 1247
338 1287
338 1331
338 1370
338 1404
338 1411
338 1421
338 1428
338 1430
338 1440
338 1477
338 1552
338 1567
338 1577
338 1592
338 1596
338 1625
338 1660
338 1694
338 1698
338 1704
338 1717
338 1739
338 1761
338 1809
338 1843
338 1888
338 1924
338 1947
338 1982
339 9
339 154
339 608
339 735
339 1789
339 1857
340 19
340 47
340 214
340 261
340 372
340 374
340 533
340 656
340 673
340 897
340 967
340 974
340 1207
340 1262
340 1432
340 1493
340 1704
340 1784
340 1792
341 93
341 107
341 465
341 509
341 766
341 1542
341 1704
341 1783
341 1792
342 226
342 267
342 608
342 749
342 852
342 1336
342 1385
342 1704
342 1714
342 1765
342 1981
343 209
343 310
343 419
343 465
343 801
343 949
343 1157
343 1206
343 1270
343 1286
343 1385
343 1743
343 1792
343 1797
343 1802
343 1983
343 1996
344 232
344 235
344 335
344 974
344 1379
344 1792
344 1808
344 1995
345 643
345 993
345 999
345 1385
345 1428
345 1704
346 959
346 1023
346 1200
346 1489
346 1636
347 87
347 212
347 373
347 577
347 583
347 1792
348 318
348 465
348 1612
348 1792
349 387
349 1756
349 1788
350 183
350 427
350 1121
350 1459
350 1545
350 1704
350 1818
351 887
351 991
351 1792
352 54
353 791
353 1385
353 1792
354 949
354 1671
355 123
355 410
355 720
355 795
355 860
355 1173
355 1320
355 1382
355 1385
355 1437
355 1821
355 1860
355 1931
355 1967
356 13
356 125
356 343
356 620
356 669
356 747
356 949
356 1219
356 1792
357 286
357 718
357 1041
357 1214
357 1333
357 1565
357 1704
357 1792
358 465
358 937
358 1379
358 1715
358 1792
359 131
359 355
359 649
359 1296
359 1362
359 1508
360 334
360 465
360 621
360 949
360 1074
360 1379
360 1385
360 1680
360 1704
360 1792
361 412
361 465
361 1054
361 1379
362 1
362 206
362 465
362 703
362 1379
362 1649
362 1792
362 1926
363 465
363 1133
363 1379
364 7
364 18
364 209
364 255
364 287
364 345
364 392
364 400
364 523
364 715
364 782
364 801
364 1102
364 1137
364 1140
364 1373
364 1473
364 1602
364 1901
364 1941
365 295
365 1004
365 1907
366 15
366 57
366 262
366 776
366 1107
366 1587
366 1733
366 1792
366 1951
367 117
367 183
367 200
367 347
367 471
367 553
367 968
367 974
367 1385
367 1522
368 45
368 140
368 337
368 391
368 465
368 795
368 1173
368 1285
368 1341
368 1385
368 1408
368 1704
368 1792
368 1833
368 1858
369 109
369 217
369 333
369 409
369 611
369 752
369 818
369 860
369 1064
369 1160
369 1197
369 1385
369 1590
369 1618
369 1643
369 1678
369 1686
369 1789
369 1805
369 1874
369 1967
370 160
370 337
370 465
370 471
370 949
370 1173
370 1355
370 1620
370 1792
371 338
371 453
371 608
371 694
371 949
371 1289
371 1704
372 183
372 1385
372 1427
372 1431
373 179
373 406
373 1224
373 1506
373 1704
373 1792
374 115
374 160
374 203
374 268
374 294
374 379
374 386
374 436
374 497
374 500
374 506
374 568
374 719
374 778
374 935
374 940
374 1111
374 1135
374 1182
374 1343
374 1398
374 1401
374 1441
374 1462
374 1477
374 1500
374 1673
374 1704
374 1764
374 1792
374 1832
374 1887
374 1913
374 1982
375 667
375 669
375 693
375 839
375 1115
375 1379
375 1553
375 1578
375 1792
376 872
376 1511
376 1704
376 1792
376 1826
377 465
377 694
377 822
377 949
377 1355
377 1482
377 1792
377 1909
378 76
378 393
378 403
378 410
378 651
378 669
378 974
378 1379
378 1431
378 1636
378 1651
378 1713
378 1792
379 403
380 553
380 596
380 603
380 863
380 877
380 1526
381 295
382 465
382 949
382 1379
382 1451
382 1651
382 1704
383 519
383 795
384 519
384 795
385 465
385 1385
385 1482
385 1918
386 256
386 465
386 488
386 559
386 694
386 808
386 949
386 1218
386 1312
386 1379
386 1427
386 1470
386 1523
386 1792
386 1886
386 1983
387 795
387 1983
388 85
388 410
388 429
388 573
388 646
388 1074
388 1219
388 1385
388 1423
388 1428
388 1552
388 1636
388 1651
388 1704
388 1770
388 1773
388 1947
388 1952
388 1983
389 608
389 1204
389 1379
389 1385
389 1636
389 1704
390 116
390 183
390 242
390 465
390 718
390 949
390 974
390 1004
390 1039
390 1262
390 1333
390 1385
390 1463
390 1787
390 1792
391 465
391 949
391 1379
392 294
392 427
392 441
392 465
392 694
392 739
392 825
392 859
392 898
392 949
392 970
392 975
392 1019
392 1083
392 1428
392 1477
392 1585
392 1662
392 1758
392 1809
393 380
393 465
393 1355
393 1377
393 1420
393 1568
394 700
394 852
394 946
394 1126
394 1275
394 1704
394 1728
394 1792
394 1806
395 1704
396 465
397 166
397 465
397 795
397 990
397 1000
397 1385
397 1704
397 1792
398 117
398 724
398 997
398 1157
398 1235
398 1385
398 1403
398 1636
398 1779
398 1792
398 1837
398 1869
398 1996
399 71
399 183
399 189
399 337
399 388
399 465
399 669
399 726
399 753
399 790
399 949
399 974
399 1235
399 1272
399 1285
399 1379
399 1385
399 1553
399 1651
399 1681
399 1729
399 1782
399 1792
400 337
400 369
400 388
400 465
400 820
400 949
400 1285
400 1431
400 1645
400 1651
400 1792
401 738
401 1017
401 1122
401 1585
401 1729
401 1792
401 1980
402 25
402 132
402 209
402 257
402 310
402 344
402 465
402 489
402 801
402 1206
402 1489
402 1516
403 465
403 479
403 949
403 1449
403 1460
403 1965
403 1983
404 97
404 465
404 577
404 949
404 1379
404 1385
404 1482
404 1702
404 1704
404 1792
404 1808
404 1877
404 1995
405 42
405 324
405 410
405 465
405 555
405 694
405 753
405 949
405 1125
405 1320
405 1792
406 183
406 410
406 758
406 1074
406 1089
406 1385
406 1704
406 1973
407 95
407 237
407 280
407 372
407 444
407 465
407 685
407 949
407 1004
407 1495
407 1790
408 153
408 337
408 559
408 1350
408 1354
409 4
409 465
409 949
409 961
409 1111
409 1173
409 1385
409 1568
409 1704
409 1792
409 1935
410 276
410 300
410 355
410 539
410 649
410 1296
410 1362
410 1431
410 1481
410 1560
410 1704
410 1792
411 36
411 40
411 76
411 78
411 92
411 100
411 117
411 175
411 183
411 198
411 303
411 410
411 431
411 465
411 510
411 531
411 686
411 698
411 744
411 877
411 902
411 962
411 968
411 1015
411 1062
411 1216
411 1340
411 1385
411 1455
411 1469
411 1486
411 1492
411 1541
411 1570
411 1656
411 1746
411 1792
411 1860
411 1973
412 80
413 20
413 407
413 465
413 949
413 1405
413 1620
413 1704
413 1909
414 12
414 319
414 427
414 676
414 907
414 912
414 1379
414 1391
414 1482
414 1553
414 1568
414 1651
414 1670
414 1704
414 1725
414 1740
414 1792
415 403
416 183
416 335
416 393
416 585
416 726
416 1259
416 1780
416 1983
417 48
417 291
417 1620
417 1904
418 50
418 88
418 147
418 413
418 630
418 788
418 900
418 1063
418 1168
418 1298
418 1338
418 1344
418 1543
418 1571
418 1585
418 1639
418 1642
418 1792
418 1905
418 1906
418 1973
418 1986
419 669
419 762
419 1303
419 1385
419 1792
420 1385
420 1704
420 1792
421 179
421 669
421 889
421 1104
421 1385
421 1585
421 1792
421 1847
422 465
422 629
422 851
422 931
422 1053
422 1108
422 1379
422 1412
422 1546
422 1623
422 1870
423 14
423 66
423 75
423 185
423 209
423 221
423 255
423 310
423 314
423 345
423 465
423 469
423 523
423 567
423 617
423 626
423 716
423 732
423 782
423 801
423 929
423 978
423 1042
423 1128
423 1140
423 1156
423 1183
423 1221
423 1251
423 1266
423 1267
423 1327
423 1351
423 1352
423 1385
423 1403
423 1426
423 1447
423 1478
423 1516
423 1652
423 1704
423 1774
423 1795
423 1901
423 1921
424 79
424 84
424 132
424 165
424 241
424 247
424 253
424 465
424 634
424 694
424 801
424 805
424 823
424 826
424 958
424 1178
424 1226
424 1284
424 1410
424 1557
424 1572
424 1574
424 1589
424 1598
424 1617
424 1704
424 1792
424 1796
424 1846
424 1978
425 117
425 603
425 949
425 1484
426 146
426 403
426 410
426 721
426 753
426 1062
426 1204
426 1379
426 1385
426 1455
426 1486
426 1496
426 1636
426 1792
426 1868
426 1983
427 6
427 339
427 727
427 866
427 888
427 927
427 1428
427 1752
428 183
428 403
428 465
428 472
428 639
428 949
428 968
428 1111
428 1150
428 1379
428 1385
428 1427
428 1490
428 1710
428 1745
428 1787
428 1792
429 949
429 1704
430 335
430 1983
431 117
431 183
431 403
431 422
431 795
431 1320
431 1379
431 1413
431 1434
431 1636
431 1792
432 1385
432 1704
433 200
433 410
433 530
433 1097
433 1385
433 1704
433 1792
434 465
434 1792
435 96
435 1074
435 1379
435 1385
435 1704
435 1715
435 1782
435 1808
436 118
436 180
436 315
436 753
436 852
436 1086
436 1157
436 1262
436 1385
436 1620
436 1651
436 1704
436 1765
436 1792
436 1946
436 1983
436 1996
437 1737
437 1792
437 1865
438 24
438 399
438 482
438 669
438 909
438 1035
438 1120
438 1672
438 1704
438 1785
438 1792
439 435
439 1627
440 52
440 137
440 202
440 477
440 511
440 588
440 677
440 830
440 1029
440 1195
440 1385
440 1704
440 1792
440 1898
441 118
441 465
441 474
441 644
441 852
441 949
441 1428
441 1651
441 1704
442 112
442 164
442 410
442 972
442 1165
442 1385
442 1585
442 1786
442 1792
442 1806
442 1808
442 1995
443 1109
443 1428
443 1908
444 91
444 132
444 243
444 465
444 552
444 586
444 753
444 980
444 1010
444 1365
444 1379
444 1554
444 1575
444 1741
444 1792
444 1802
444 1948
445 224
445 458
445 1428
445 1477
445 1792
445 1809
